0266-51630-100 1.5533 0.0327 7.84 0.02 -1.62 0.03 -0.85 0.04 -1.68 0.04 -2.40 0.04 -3.57 0.17 -1.93 0.14
0267-51608-384 1.2055 0.0600 7.99 0.05 -1.30 0.07 -0.55 0.10 -1.71 0.11 -2.43 0.07  0.00 0.00 -1.69 0.21
0270-51909-306 0.9444 0.1699 8.33 0.20 -1.09 0.26 -0.77 0.41 -1.67 0.33  0.00 0.00  0.00 0.00  0.00 0.00
0272-51941-365 1.0133 0.1661 8.38 0.18 -1.40 0.23 -0.65 0.36 -1.60 0.29 -2.50 0.22  0.00 0.00 -2.32 0.80
0275-51910-429 1.5117 0.0513 7.82 0.03 -1.45 0.05 -0.72 0.06 -1.73 0.10 -2.37 0.05 -3.06 0.16  0.00 0.00
0275-51910-445 1.1254 0.0249 8.23 0.02 -1.33 0.03 -0.75 0.05 -1.70 0.05 -2.46 0.05 -3.50 0.12 -1.84 0.09
0276-51909-197 0.9917 0.0906 8.38 0.10 -1.39 0.13 -0.67 0.20 -1.71 0.17 -2.47 0.13 -3.74 0.58 -2.26 0.40
0279-51984-293 0.9457 0.1446 8.43 0.17 -1.37 0.22 -0.68 0.35 -1.60 0.27 -2.51 0.22  0.00 0.00 -2.06 0.46
0282-51658-029 0.9312 0.1383 8.40 0.17 -1.16 0.21 -0.64 0.35 -1.72 0.27 -2.44 0.21  0.00 0.00 -2.01 0.37
0284-51943-007 0.9882 0.1349 8.41 0.15 -1.28 0.19 -0.61 0.32 -1.76 0.23 -2.56 0.19  0.00 0.00 -1.98 0.30
0284-51943-170 1.5842 0.0466 7.81 0.03 -1.49 0.05 -0.71 0.05 -1.64 0.07 -2.31 0.07  0.00 0.00  0.00 0.00
0287-52023-236 1.0482 0.1580 8.25 0.16 -1.20 0.20 -0.69 0.33 -1.75 0.25 -2.37 0.20  0.00 0.00 -2.09 0.46
0287-52023-466 1.1777 0.0667 8.19 0.06 -1.46 0.08 -0.73 0.11 -1.85 0.17 -2.55 0.18  0.00 0.00 -1.90 0.37
0289-51990-210 1.6212 0.0497 7.77 0.03 -1.50 0.05 -0.73 0.05 -1.74 0.08 -2.35 0.05  0.00 0.00  0.00 0.00
0289-51990-369 1.3195 0.0653 8.01 0.05 -1.56 0.07 -0.73 0.09 -1.71 0.14 -2.41 0.07  0.00 0.00 -1.79 0.27
0294-51986-334 1.2152 0.0480 8.02 0.04 -1.42 0.06 -0.80 0.08 -1.42 0.07 -2.23 0.05  0.00 0.00  0.00 0.00
0301-51942-345 0.9918 0.0997 8.29 0.11 -1.17 0.14 -0.84 0.23 -1.64 0.17 -2.38 0.14 -3.36 0.26 -2.24 0.33
0301-51942-360 1.3698 0.0888 7.97 0.06 -1.48 0.08 -0.71 0.12 -1.60 0.15 -2.36 0.17  0.00 0.00 -1.92 0.50
0305-51613-604 1.2583 0.0360 8.15 0.03 -1.61 0.05 -0.87 0.06 -1.65 0.07 -2.46 0.07 -3.36 0.18 -2.14 0.35
0308-51662-081 1.3126 0.0273 8.06 0.02 -1.35 0.04 -0.80 0.04 -1.54 0.05 -2.37 0.05 -3.54 0.20 -1.57 0.12
0308-51662-326 1.2027 0.0700 8.05 0.06 -1.36 0.08 -0.75 0.11 -1.62 0.11 -2.34 0.07 -3.27 0.24  0.00 0.00
0309-51994-288 1.2012 0.0630 8.12 0.05 -1.51 0.07 -0.72 0.10 -1.64 0.11 -2.41 0.07  0.00 0.00 -1.82 0.26
0312-51689-508 1.1433 0.0730 8.18 0.06 -1.38 0.08 -0.74 0.13 -1.77 0.14 -2.46 0.08 -3.57 0.47 -2.27 0.58
0329-52056-529 1.3234 0.0901 7.94 0.07 -1.28 0.09 -0.49 0.12 -1.70 0.16 -2.48 0.09  0.00 0.00 -1.41 0.25
0329-52056-633 1.4540 0.0281 7.80 0.02 -1.49 0.03 -0.72 0.04 -1.71 0.04 -2.58 0.05 -3.55 0.13 -1.87 0.13
0329-52056-640 1.6199 0.0304 7.81 0.02  0.00 0.00 -0.85 0.03  0.00 0.00 -2.65 0.05 -3.65 0.14 -2.03 0.20
0334-51993-065 1.3152 0.2174 7.91 0.15 -1.17 0.19 -0.79 0.32 -1.49 0.28 -2.28 0.19  0.00 0.00  0.00 0.00
0334-51993-365 1.3271 0.0852 7.91 0.06 -1.46 0.08 -0.75 0.12 -1.60 0.14 -2.32 0.08  0.00 0.00  0.00 0.00
0335-52000-385 1.3154 0.0628 8.02 0.05 -1.43 0.06 -0.70 0.09 -1.61 0.11 -2.30 0.06  0.00 0.00  0.00 0.00
0336-51999-289 1.6363 0.0599 7.68 0.04 -1.39 0.06 -0.77 0.06  0.00 0.00 -2.25 0.09  0.00 0.00 -1.82 0.54
0336-51999-414 1.1070 0.1981 8.19 0.18 -1.36 0.23 -0.69 0.37 -1.55 0.28 -2.36 0.22  0.00 0.00 -1.87 0.44
0337-51997-097 1.3548 0.0202 8.04 0.02 -0.98 0.02 -0.78 0.03 -1.53 0.03 -2.31 0.03 -3.50 0.07 -1.58 0.05
0337-51997-284 1.4065 0.5897 7.23 0.35  0.01 0.48  0.00 0.00  0.00 0.00 -1.84 0.43  0.00 0.00  0.00 0.00
0339-51692-083 1.0975 0.0405 8.15 0.04 -1.43 0.05 -0.60 0.08 -1.68 0.07 -2.50 0.05 -3.33 0.14 -2.35 0.47
0340-51990-181 1.2247 0.1108 7.96 0.09 -1.14 0.11 -0.65 0.18 -1.52 0.15 -2.29 0.11  0.00 0.00 -1.82 0.38
0341-51690-606 1.7397 0.0511 7.78 0.03 -1.63 0.11 -0.85 0.05 -1.73 0.11 -2.39 0.12 -3.35 0.21 -1.60 0.51
0351-51780-037 1.1645 0.0680 8.10 0.06 -1.37 0.08 -0.75 0.12 -1.71 0.11 -2.41 0.08  0.00 0.00 -2.12 0.36
0351-51780-178 0.9495 0.1360 8.40 0.16 -1.24 0.21 -0.78 0.34 -1.71 0.25 -2.50 0.20 -3.34 0.35 -2.03 0.33
0354-51792-098 0.8509 0.1047 8.44 0.14 -1.18 0.18 -0.77 0.31 -1.68 0.21 -2.41 0.18  0.00 0.00  0.00 0.00
0358-51818-311 1.1809 0.1168 8.17 0.09 -1.44 0.12 -0.70 0.19 -1.63 0.18 -2.50 0.12  0.00 0.00  0.00 0.00
0358-51818-472 1.1528 0.0359 8.21 0.03 -1.18 0.04 -0.74 0.06 -1.76 0.08 -2.40 0.04 -3.37 0.17  0.00 0.00
0358-51818-504 1.2498 0.0220 8.10 0.02 -1.03 0.03 -0.80 0.04 -1.59 0.04 -2.39 0.04 -3.59 0.13 -1.64 0.07
0364-52000-187 1.1740 0.0260 8.20 0.02 -1.52 0.03 -0.72 0.05 -1.77 0.05 -2.50 0.05 -3.54 0.15 -1.81 0.11
0367-51997-561 1.0837 0.1279 8.29 0.12 -1.34 0.15 -0.67 0.24 -1.74 0.23 -2.48 0.15  0.00 0.00 -2.15 0.60
0383-51818-290 1.2114 0.0615 8.10 0.05 -1.40 0.07 -0.78 0.10 -1.61 0.10 -2.40 0.07  0.00 0.00 -2.02 0.31
0390-51900-445 1.1501 0.0461 8.16 0.04 -1.23 0.06 -0.67 0.08 -1.74 0.09 -2.51 0.06 -3.48 0.25 -1.75 0.15
0390-51900-596 1.0047 0.1535 8.38 0.17 -1.45 0.21 -0.72 0.34 -1.74 0.28 -2.46 0.21  0.00 0.00  0.00 0.00
0394-51913-461 1.2201 0.0821 8.03 0.06 -1.22 0.08 -0.78 0.13 -1.50 0.11 -2.30 0.08 -3.22 0.29 -1.95 0.29
0394-51913-472 1.5664 0.0614 7.79 0.04 -1.43 0.07 -0.81 0.07 -1.66 0.12 -2.40 0.13 -3.54 0.64 -1.71 0.44
0395-51783-348 0.9650 0.2347 8.42 0.28 -1.10 0.35 -0.72 0.57 -1.69 0.43 -2.47 0.34 -3.10 0.50 -1.99 0.58
0398-51789-294 0.9430 0.0904 8.40 0.11 -1.37 0.14 -0.63 0.22 -1.66 0.17 -2.37 0.14 -3.40 0.26  0.00 0.00
0399-51817-140 1.3381 0.0602 7.96 0.04 -1.50 0.06 -0.73 0.08 -1.57 0.09 -2.40 0.06  0.00 0.00 -1.75 0.20
0399-51817-324 0.9928 0.1304 8.32 0.14 -1.30 0.18 -0.78 0.29 -1.70 0.23 -2.36 0.18  0.00 0.00  0.00 0.00
0405-51816-365 1.1095 0.1232 8.21 0.11 -1.33 0.14 -0.71 0.22 -1.58 0.18 -2.40 0.14  0.00 0.00  0.00 0.00
0407-51820-509 0.9462 0.1340 8.47 0.16 -1.36 0.20 -0.60 0.33 -1.71 0.27 -2.56 0.20  0.00 0.00  0.00 0.00
0407-51820-542 1.0298 0.1149 8.35 0.12 -1.39 0.15 -0.68 0.24 -1.62 0.21 -2.53 0.15  0.00 0.00 -1.85 0.33
0409-51871-033 1.1266 0.0918 8.17 0.08 -1.33 0.11 -0.65 0.16 -1.72 0.16 -2.45 0.11  0.00 0.00 -1.77 0.27
0410-51816-220 1.2546 0.0640 8.06 0.05 -1.46 0.07 -0.82 0.10 -1.65 0.11 -2.43 0.07 -3.46 0.43  0.00 0.00
0412-51931-038 1.4415 0.0692 7.89 0.05 -1.42 0.06 -0.86 0.08 -1.56 0.10 -2.40 0.07  0.00 0.00  0.00 0.00
0415-51810-486 0.9314 0.1633 8.43 0.20 -1.23 0.25 -0.78 0.42 -1.85 0.31 -2.51 0.25 -3.37 0.42 -2.04 0.41
0417-51821-513 1.2128 0.0350 8.11 0.03 -1.44 0.04 -0.74 0.06 -1.59 0.06 -2.37 0.04 -3.47 0.22 -1.94 0.19
0418-51817-302 1.2684 0.0386 8.04 0.03 -1.40 0.04 -0.71 0.06 -1.60 0.07 -2.34 0.04  0.00 0.00 -1.84 0.18
0429-51820-495 1.4633 0.0468 7.92 0.03 -1.26 0.05 -0.77 0.06 -1.67 0.09 -2.47 0.10  0.00 0.00 -1.67 0.20
0431-51877-191 1.1567 0.0846 8.12 0.07 -1.07 0.09 -0.71 0.15 -1.75 0.14 -2.36 0.09  0.00 0.00 -1.85 0.24
0439-51877-613 1.0686 0.1146 8.23 0.11 -1.39 0.14 -0.71 0.22 -1.61 0.19 -2.48 0.14  0.00 0.00 -1.94 0.34
0440-51885-151 1.0421 0.0340 8.30 0.04 -1.40 0.05 -0.72 0.07 -1.68 0.06 -2.59 0.05 -3.54 0.16 -2.21 0.21
0440-51885-158 1.7363 0.0437 7.65 0.02 -1.31 0.04 -0.63 0.04 -1.62 0.04 -2.24 0.04 -3.36 0.13  0.00 0.00
0440-51885-608 1.0050 0.1581 8.39 0.17 -1.19 0.22 -0.56 0.34 -1.56 0.25 -2.35 0.21  0.00 0.00  0.00 0.00
0441-51868-315 0.9834 0.1495 8.39 0.17 -1.41 0.21 -0.71 0.34 -1.60 0.27 -2.37 0.21  0.00 0.00  0.00 0.00
0442-51882-413 1.0429 0.1925 8.19 0.20 -0.97 0.25 -0.77 0.40 -1.61 0.29 -2.33 0.24  0.00 0.00 -1.80 0.39
0445-51873-404 1.2924 0.0230 8.07 0.02 -1.52 0.03 -0.77 0.04 -1.59 0.04 -2.31 0.03 -3.44 0.09 -2.12 0.14
0446-51899-086 1.0341 0.1031 8.33 0.11 -1.40 0.14 -0.72 0.21 -1.84 0.24 -2.55 0.14 -3.31 0.39  0.00 0.00
0446-51899-249 0.9523 0.0908 8.34 0.11 -1.30 0.14 -0.84 0.22 -1.60 0.18 -2.31 0.14  0.00 0.00 -2.00 0.28
0446-51899-283 1.0800 0.1377 8.23 0.13 -1.31 0.17 -0.67 0.26 -1.61 0.22 -2.49 0.17  0.00 0.00 -2.04 0.54
0447-51877-361 1.2053 0.0351 8.16 0.03 -1.38 0.04 -0.75 0.06 -1.73 0.07 -2.45 0.07 -3.60 0.27 -2.05 0.25
0450-51908-048 1.1083 0.1978 8.18 0.18 -1.21 0.23 -0.71 0.37 -1.73 0.31 -2.38 0.22  0.00 0.00 -1.99 0.53
0454-51908-062 1.1628 0.0392 8.16 0.03 -1.54 0.05 -0.78 0.07 -1.67 0.07 -2.31 0.06 -3.65 0.29 -2.15 0.23
0455-51909-073 1.5563 0.0393 7.89 0.03 -1.15 0.04 -0.81 0.04 -1.73 0.08 -2.56 0.09  0.00 0.00 -1.57 0.19
0456-51910-076 1.3744 0.0253 7.98 0.02 -1.55 0.03 -0.69 0.04 -1.56 0.04 -2.29 0.03 -3.49 0.11 -1.95 0.13
0456-51910-306 1.5408 0.0408 7.91 0.03 -1.06 0.04 -0.82 0.05 -1.77 0.09 -2.50 0.10  0.00 0.00 -1.48 0.19
0456-51910-482 1.6385 0.7992 7.02 0.37 -0.01 0.51 -1.36 1.18 -1.03 0.45 -1.91 0.43  0.00 0.00  0.00 0.00
0457-51901-304 1.1694 0.0792 8.13 0.07 -1.50 0.09 -0.82 0.13 -1.61 0.12 -2.43 0.08  0.00 0.00  0.00 0.00
0457-51901-309 1.3088 0.0282 8.03 0.02 -1.51 0.03 -0.73 0.04 -1.59 0.04 -2.37 0.04 -3.55 0.17 -2.16 0.25
0457-51901-465 1.4476 0.0377 7.89 0.03 -1.48 0.04 -0.73 0.05 -1.61 0.07 -2.33 0.06  0.00 0.00 -1.76 0.25
0462-51909-363 1.0515 0.1088 8.27 0.11 -1.32 0.14 -0.81 0.22 -1.64 0.18 -2.43 0.14 -3.62 0.60 -1.84 0.26
0463-51908-282 1.0337 0.1574 8.26 0.16 -1.12 0.21 -0.87 0.33 -1.56 0.26 -2.35 0.20  0.00 0.00 -1.93 0.44
0469-51913-154 1.2362 0.0770 8.09 0.06 -1.32 0.08 -0.83 0.12 -1.59 0.15 -2.27 0.08 -3.15 0.32  0.00 0.00
0473-51929-422 1.1897 0.1154 8.09 0.09 -1.05 0.12 -0.68 0.19 -1.69 0.18 -2.37 0.12  0.00 0.00 -1.61 0.23
0473-51929-518 1.0844 0.1216 8.23 0.11 -1.38 0.15 -0.80 0.23 -1.69 0.20 -2.44 0.15  0.00 0.00  0.00 0.00
0477-52026-016 0.9665 0.2073 8.35 0.24 -1.14 0.31 -0.77 0.50 -1.75 0.36 -2.50 0.30  0.00 0.00 -1.78 0.42
0477-52026-588 0.9991 0.1541 8.28 0.17 -1.04 0.21 -0.79 0.34 -1.56 0.26 -2.40 0.21  0.00 0.00 -1.64 0.31
0480-51989-004 1.3545 0.0552 8.01 0.04 -1.32 0.06 -0.65 0.07 -1.83 0.14 -2.47 0.12  0.00 0.00 -1.58 0.17
0480-51989-250 1.0387 0.1349 8.26 0.14 -1.21 0.18 -0.75 0.27  0.00 0.00 -2.34 0.17  0.00 0.00 -1.64 0.28
0480-51989-552 1.0635 0.0917 8.29 0.09 -1.06 0.11 -0.66 0.18 -1.79 0.17 -2.53 0.12  0.00 0.00 -1.99 0.29
0481-51908-180 1.3158 0.0629 7.98 0.04 -1.24 0.06 -0.77 0.09 -1.61 0.10 -2.28 0.06 -3.24 0.27  0.00 0.00
0481-51908-289 1.2390 0.0201 8.12 0.02 -1.44 0.03 -0.71 0.03 -1.71 0.03 -2.70 0.04 -3.42 0.06 -2.16 0.11
0481-51908-335 1.0624 0.1311 8.23 0.13 -1.11 0.17 -0.88 0.26 -1.60 0.20 -2.36 0.16  0.00 0.00 -1.76 0.34
0481-51908-483 1.1265 0.0820 8.20 0.07 -1.13 0.09 -0.70 0.14 -1.77 0.14 -2.47 0.09  0.00 0.00 -1.88 0.27
0481-51908-518 1.4152 0.0570 7.92 0.04 -1.42 0.06 -0.79 0.07 -1.57 0.09 -2.28 0.06  0.00 0.00  0.00 0.00
0485-51909-306 1.0251 0.0696 8.31 0.07 -1.29 0.09 -0.77 0.15 -1.73 0.12 -2.45 0.09 -3.39 0.22 -1.94 0.18
0485-51909-550 1.3263 0.0321 7.99 0.02 -1.46 0.04 -0.79 0.05 -1.55 0.05 -2.34 0.05 -3.48 0.21 -1.79 0.12
0490-51929-128 1.1049 0.0421 8.29 0.04 -1.45 0.06 -0.82 0.08 -1.69 0.09 -2.40 0.08  0.00 0.00 -2.19 0.39
0490-51929-401 1.0004 0.0807 8.38 0.09 -1.40 0.11 -0.74 0.18 -1.84 0.16 -2.48 0.11  0.00 0.00 -2.06 0.29
0491-51942-047 1.4233 0.0850 7.81 0.05 -1.60 0.08 -0.66 0.11 -1.69 0.13 -2.38 0.07  0.00 0.00 -2.04 0.59
0492-51955-449 1.2667 0.0873 8.04 0.06 -1.33 0.08 -0.77 0.13 -1.70 0.15 -2.34 0.09  0.00 0.00 -1.78 0.24
0496-51988-541 1.1204 0.1629 8.22 0.14 -1.29 0.18 -0.75 0.29 -1.65 0.24 -2.46 0.18  0.00 0.00 -1.69 0.33
0499-51988-084 1.2195 0.0498 8.13 0.04 -1.45 0.06 -0.77 0.08 -1.65 0.10 -2.43 0.06 -3.58 0.50 -1.88 0.29
0503-51999-273 0.8807 0.1476 8.54 0.19 -1.43 0.24 -0.64 0.41 -1.86 0.30 -2.62 0.24  0.00 0.00  0.00 0.00
0512-51992-334 0.8095 0.1385 8.50 0.21 -1.25 0.25 -0.82 0.44 -1.79 0.31 -2.45 0.25  0.00 0.00 -2.15 0.39
0512-51992-524 1.0102 0.1402 8.35 0.15 -1.34 0.19 -0.68 0.30 -1.71 0.25 -2.48 0.19  0.00 0.00 -1.82 0.32
0514-51994-391 1.5514 0.0507 7.85 0.03 -1.44 0.05 -0.79 0.06 -1.64 0.10 -2.38 0.10  0.00 0.00  0.00 0.00
0516-52017-178 1.7522 0.0608 7.51 0.03 -1.46 0.06 -0.86 0.05 -1.79 0.10 -2.39 0.05  0.00 0.00  0.00 0.00
0516-52017-315 1.3107 0.0600 7.98 0.04 -1.16 0.06 -0.74 0.09 -1.65 0.09 -2.34 0.06  0.00 0.00 -1.73 0.16
0523-52026-076 0.9236 0.2224 8.55 0.29 -1.54 0.35 -0.85 0.60 -1.69 0.42 -2.44 0.35  0.00 0.00  0.00 0.00
0523-52026-114 0.9240 0.2163 8.38 0.27 -0.97 0.34 -0.66 0.57 -1.75 0.39 -2.50 0.34  0.00 0.00 -1.90 0.47
0523-52026-480 1.1103 0.0948 8.21 0.09 -1.44 0.11 -0.90 0.17 -1.60 0.16 -2.35 0.11  0.00 0.00  0.00 0.00
0535-51999-563 1.0297 0.2191 8.30 0.23 -1.31 0.29 -0.73 0.47 -1.57 0.35 -2.40 0.29  0.00 0.00 -1.87 0.46
0536-52024-402 1.4094 0.0596 7.88 0.04 -1.52 0.06 -0.77 0.08 -1.60 0.10 -2.35 0.11  0.00 0.00 -1.86 0.37
0548-51986-517 1.1018 0.0771 8.23 0.07 -1.42 0.09 -0.72 0.14 -1.71 0.13 -2.46 0.09 -3.35 0.25  0.00 0.00
0549-51981-281 1.1564 0.1370 8.16 0.11 -1.49 0.15 -0.82 0.24 -1.77 0.22 -2.41 0.14  0.00 0.00 -1.98 0.40
0549-51981-621 1.8767 0.0497 7.63 0.03 -1.07 0.04 -0.76 0.04 -1.83 0.06 -2.46 0.07  0.00 0.00 -1.38 0.15
0550-51959-092 1.9216 0.0543 7.60 0.03 -1.12 0.04 -0.72 0.04 -1.80 0.06 -2.45 0.07 -3.67 0.32 -1.35 0.14
0552-51992-027 1.1748 0.0758 8.14 0.06 -1.24 0.08 -0.75 0.13 -1.65 0.12 -2.42 0.08  0.00 0.00 -1.99 0.29
0553-51999-134 1.1165 0.0946 8.20 0.08 -1.36 0.11 -0.69 0.17 -1.77 0.16 -2.44 0.11  0.00 0.00  0.00 0.00
0553-51999-342 1.0822 0.0557 8.24 0.06 -1.28 0.07 -0.71 0.11 -1.68 0.12 -2.39 0.07  0.00 0.00 -1.88 0.22
0553-51999-596 1.1015 0.0795 8.22 0.07 -1.23 0.10 -0.72 0.14 -1.64 0.15 -2.39 0.09  0.00 0.00  0.00 0.00
0553-51999-602 1.4969 0.0697 7.81 0.04 -1.32 0.06 -0.75 0.08 -1.53 0.10 -2.40 0.06  0.00 0.00  0.00 0.00
0554-52000-190 1.4414 0.0311 7.91 0.02 -1.55 0.03 -0.78 0.04 -1.64 0.05 -2.43 0.05 -3.47 0.16 -1.86 0.14
0554-52000-203 1.2215 0.0530 8.12 0.05 -1.28 0.06 -0.68 0.08  0.00 0.00 -2.30 0.06  0.00 0.00  0.00 0.00
0556-51991-011 1.2871 0.0267 8.04 0.02 -1.44 0.03 -0.83 0.04 -1.46 0.05 -2.27 0.04 -3.55 0.18 -1.96 0.21
0556-51991-224 1.1729 0.0574 8.13 0.05 -1.09 0.06 -0.70 0.10 -1.80 0.11 -2.47 0.07 -3.62 0.45 -1.93 0.25
0556-51991-312 1.7215 0.0736 7.25 0.04 -1.64 0.07 -0.88 0.07 -1.70 0.10 -2.49 0.15  0.00 0.00 -1.48 0.20
0582-52045-440 1.0209 0.1152 8.33 0.12 -1.26 0.15 -0.70 0.25 -1.63 0.19 -2.53 0.15  0.00 0.00 -1.78 0.25
0582-52045-547 1.0380 0.1854 8.29 0.19 -1.19 0.24 -0.81 0.39 -1.52 0.30 -2.33 0.24  0.00 0.00 -1.76 0.38
0585-52027-049 1.1786 0.0901 8.10 0.07 -1.46 0.09 -0.85 0.16 -1.66 0.13 -2.42 0.09  0.00 0.00  0.00 0.00
0597-52059-136 1.3140 0.0552 7.97 0.04 -1.49 0.06 -0.76 0.08 -1.52 0.10 -2.34 0.06  0.00 0.00 -1.82 0.34
0597-52059-235 1.1286 0.1085 8.18 0.10 -1.36 0.13 -0.75 0.19 -1.85 0.28 -2.47 0.13  0.00 0.00  0.00 0.00
0597-52059-275 1.2005 0.1651 8.09 0.13 -1.21 0.17 -0.75 0.28 -1.59 0.22 -2.26 0.16  0.00 0.00  0.00 0.00
0597-52059-586 1.1170 0.0941 8.22 0.09 -1.35 0.12 -0.79 0.17 -1.67 0.18 -2.50 0.11  0.00 0.00 -2.10 0.70
0602-52072-369 1.3848 0.0500 7.99 0.04 -1.38 0.05 -0.73 0.07 -1.70 0.11 -2.43 0.11  0.00 0.00 -1.98 0.43
0602-52072-500 0.9722 0.2341 8.33 0.27 -1.04 0.34 -0.77 0.56 -1.60 0.41 -2.42 0.34  0.00 0.00  0.00 0.00
0604-52079-007 1.3514 0.0784 7.91 0.05 -1.41 0.07 -0.86 0.11 -1.54 0.12 -2.33 0.07  0.00 0.00  0.00 0.00
0604-52079-604 1.4092 0.0619 7.89 0.04 -1.43 0.06 -0.76 0.08 -1.56 0.09 -2.32 0.06  0.00 0.00 -2.08 0.43
0617-52072-464 1.0442 0.0680 8.26 0.07 -1.34 0.09 -0.80 0.14 -1.78 0.12 -2.36 0.09 -3.10 0.15 -2.13 0.24
0622-52054-135 1.0962 0.1577 8.14 0.14 -1.18 0.18 -0.71 0.31 -1.61 0.23 -2.31 0.18  0.00 0.00  0.00 0.00
0622-52054-445 0.9710 0.1014 8.36 0.12 -1.21 0.15 -0.74 0.24 -1.83 0.20 -2.43 0.15  0.00 0.00 -1.96 0.28
0628-52083-555 1.1490 0.0798 8.18 0.07 -1.24 0.09 -0.67 0.14 -1.70 0.13 -2.50 0.09  0.00 0.00 -1.91 0.27
0629-52051-497 1.0641 0.0832 8.33 0.08 -1.46 0.10 -0.62 0.16 -1.78 0.16 -2.55 0.11  0.00 0.00 -2.01 0.29
0633-52079-300 1.3623 0.0603 7.94 0.04 -1.54 0.06 -0.86 0.08 -1.57 0.10 -2.35 0.06  0.00 0.00  0.00 0.00
0637-52174-526 0.9924 0.0891 8.34 0.10 -1.31 0.13 -0.77 0.20 -1.69 0.18 -2.42 0.13 -3.28 0.30 -1.84 0.28
0639-52146-242 1.1251 0.0426 8.21 0.04 -1.48 0.05 -0.69 0.08 -1.72 0.08 -2.46 0.05 -3.54 0.24 -2.26 0.37
0640-52178-261 0.8673 0.1500 8.43 0.21 -1.09 0.26 -0.75 0.42 -1.46 0.31 -2.31 0.26 -3.39 0.50 -1.80 0.37
0640-52178-320 1.2911 0.0612 7.98 0.05 -1.43 0.07 -0.78 0.09 -1.55 0.10 -2.26 0.06  0.00 0.00  0.00 0.00
0640-52178-600 1.0042 0.1812 8.38 0.21 -1.41 0.26 -0.74 0.43 -1.95 0.34 -2.48 0.26  0.00 0.00 -2.10 0.43
0641-52199-213 0.9846 0.1660 8.33 0.19 -1.16 0.24 -0.76 0.38 -1.73 0.28 -2.48 0.23  0.00 0.00 -1.69 0.34
0651-52141-452 1.1388 0.0845 8.22 0.07 -1.39 0.10 -0.69 0.14 -1.71 0.15 -2.45 0.10  0.00 0.00 -2.11 0.48
0652-52138-090 1.1737 0.0727 8.09 0.06 -1.29 0.08 -0.87 0.12 -1.63 0.12 -2.32 0.08  0.00 0.00 -1.97 0.34
0653-52145-056 1.1246 0.1320 8.13 0.12 -0.91 0.15 -0.78 0.25 -1.73 0.20 -2.35 0.15  0.00 0.00 -1.80 0.28
0653-52145-462 1.2820 0.0400 8.09 0.03 -1.52 0.05 -0.77 0.06 -1.68 0.08 -2.47 0.08  0.00 0.00 -1.85 0.21
0657-52177-193 1.1488 0.1150 8.14 0.10 -1.00 0.13 -0.78 0.20 -1.73 0.21 -2.47 0.13  0.00 0.00  0.00 0.00
0659-52199-033 1.0613 0.1378 8.22 0.13 -1.17 0.17 -0.77 0.28 -1.60 0.21 -2.38 0.17  0.00 0.00 -2.01 0.38
0660-52177-591 1.6714 0.0749 7.61 0.04 -1.38 0.07 -0.81 0.07 -1.58 0.10 -2.29 0.12  0.00 0.00  0.00 0.00
0662-52147-466 0.9981 0.1055 8.34 0.12 -1.28 0.15 -0.69 0.23 -1.76 0.21 -2.46 0.15  0.00 0.00 -1.86 0.28
0663-52145-288 1.0692 0.0874 8.27 0.09 -1.34 0.12 -0.76 0.17 -1.76 0.20 -2.40 0.11  0.00 0.00  0.00 0.00
0663-52145-588 1.4081 0.0616 7.91 0.04 -1.40 0.06 -0.70 0.08 -1.60 0.11 -2.37 0.06  0.00 0.00 -1.61 0.21
0666-52149-087 1.1035 0.1082 8.09 0.10 -0.99 0.13 -0.86 0.22 -1.70 0.18 -2.25 0.13  0.00 0.00  0.00 0.00
0667-52163-188 1.0164 0.1014 8.39 0.11 -1.56 0.14 -0.78 0.22 -1.79 0.21 -2.47 0.14  0.00 0.00 -2.04 0.35
0668-52162-152 1.5326 0.0509 7.89 0.03 -1.49 0.06 -0.78 0.06 -1.55 0.09 -2.28 0.05  0.00 0.00  0.00 0.00
0330-52370-471 1.4506 0.0479 7.87 0.03 -1.51 0.05 -0.69 0.06 -1.59 0.07 -2.33 0.05 -3.41 0.32 -1.55 0.15
0331-52368-049 0.8890 0.1472 8.49 0.19 -1.32 0.24 -0.65 0.40 -1.63 0.30 -2.45 0.24  0.00 0.00 -1.98 0.37
0375-52140-118 1.4387 0.0464 7.95 0.03 -1.44 0.05 -0.75 0.06 -1.61 0.09 -2.37 0.09  0.00 0.00 -1.68 0.24
0376-52143-160 1.7115 0.0665 7.66 0.04  0.00 0.00 -0.73 0.06 -1.63 0.10 -2.44 0.15  0.00 0.00 -1.44 0.34
0378-52146-082 1.0765 0.1960 8.24 0.19 -1.15 0.24 -0.76 0.40 -1.72 0.28 -2.46 0.24  0.00 0.00 -2.47 0.85
0501-52235-602 1.1590 0.0472 8.19 0.04 -1.49 0.06 -0.73 0.08 -1.72 0.09 -2.46 0.09 -3.44 0.24 -1.88 0.19
0510-52381-635 1.4872 0.0404 7.98 0.03 -1.62 0.05 -0.77 0.05 -1.67 0.08 -2.43 0.07 -3.54 0.27 -1.76 0.22
0518-52282-335 1.0240 0.1295 8.26 0.13 -0.96 0.17 -0.68 0.27 -1.83 0.24 -2.46 0.17  0.00 0.00 -1.80 0.30
0521-52326-073 1.2081 0.0470 8.17 0.04 -1.26 0.06 -0.74 0.08 -1.65 0.09 -2.57 0.12 -3.08 0.14 -1.51 0.12
0526-52312-097 0.9867 0.0693 8.39 0.08 -1.20 0.10 -0.68 0.16 -1.80 0.13 -2.49 0.10  0.00 0.00 -1.90 0.18
0555-52266-558 2.0149 0.1229 7.14 0.05 -1.59 0.19 -0.75 0.08 -1.56 0.23 -2.43 0.11  0.00 0.00 -1.23 0.69
0559-52316-257 1.6040 0.0681 7.66 0.04 -1.50 0.06 -0.74 0.07 -1.67 0.10 -2.37 0.06  0.00 0.00 -1.78 0.35
0564-52224-216 1.1720 0.0459 8.20 0.04 -1.17 0.06 -0.71 0.08 -1.84 0.10 -2.52 0.11 -3.79 0.49 -1.69 0.16
0573-52325-099 1.1741 0.0499 8.18 0.04 -1.48 0.06 -0.70 0.08 -1.69 0.08 -2.47 0.10  0.00 0.00 -1.70 0.14
0575-52319-521 1.4620 0.0468 7.88 0.03 -1.44 0.05 -0.77 0.06 -1.60 0.08 -2.40 0.09 -3.51 0.39 -1.49 0.14
0577-52367-344 1.6679 0.0618 7.70 0.04 -1.35 0.11 -0.76 0.06 -1.47 0.12 -2.24 0.14  0.00 0.00  0.00 0.00
0578-52339-060 1.9441 0.0557 7.46 0.03 -1.69 0.08 -0.73 0.04 -1.76 0.08 -2.51 0.10  0.00 0.00  0.00 0.00
0615-52347-590 1.1718 0.0716 8.20 0.06 -1.40 0.08 -0.70 0.12 -1.80 0.11 -2.60 0.08  0.00 0.00 -2.03 0.28
0616-52374-393 1.2577 0.0238 8.08 0.02 -1.61 0.03 -0.74 0.04 -1.72 0.05 -2.38 0.04 -3.56 0.15 -2.02 0.12
0624-52377-361 1.3917 0.0516 7.98 0.04 -1.56 0.06 -0.69 0.07 -1.52 0.09 -2.33 0.10  0.00 0.00 -2.04 0.78
0740-52263-259 0.9902 0.1087 8.35 0.12 -1.09 0.15 -0.75 0.24 -1.84 0.22 -2.46 0.15  0.00 0.00 -2.05 0.36
0741-52261-086 0.9254 0.2594 8.46 0.33 -1.14 0.41 -0.66 0.69 -1.91 0.47 -2.54 0.41  0.00 0.00 -1.95 0.56
0741-52261-279 1.1422 0.0681 8.19 0.06 -1.29 0.08 -0.74 0.12 -1.70 0.11 -2.50 0.08  0.00 0.00 -1.80 0.19
0742-52263-179 1.3932 0.0508 7.94 0.04 -1.46 0.05 -0.79 0.07 -1.60 0.08 -2.40 0.09  0.00 0.00 -1.78 0.24
0753-52233-094 0.9864 0.0626 8.39 0.07 -1.48 0.09 -0.67 0.14 -1.82 0.15 -2.43 0.09  0.00 0.00 -1.92 0.22
0769-52282-100 1.3118 0.0382 8.04 0.03 -1.47 0.04 -0.74 0.06 -1.69 0.07 -2.42 0.07  0.00 0.00 -1.76 0.16
0775-52295-029 1.2529 0.0478 8.10 0.04 -1.38 0.05 -0.73 0.07 -1.66 0.09 -2.40 0.09  0.00 0.00 -1.73 0.17
0776-52319-540 1.0382 0.1447 8.30 0.15 -1.22 0.19 -0.73 0.31 -1.83 0.25 -2.38 0.19  0.00 0.00 -1.99 0.35
0777-52320-635 1.1576 0.0573 8.21 0.05 -1.40 0.07 -0.66 0.10 -1.63 0.11 -2.36 0.07  0.00 0.00 -2.15 0.46
0778-52337-498 0.9563 0.1179 8.38 0.14 -1.12 0.18 -0.72 0.28 -1.61 0.23 -2.37 0.17  0.00 0.00 -1.86 0.30
0779-52342-355 1.0428 0.1101 8.25 0.11 -1.11 0.14 -0.74 0.22 -1.63 0.19 -2.35 0.14  0.00 0.00 -1.81 0.27
0782-52320-022 1.0345 0.0958 8.30 0.10 -1.10 0.13 -0.67 0.20 -1.77 0.18 -2.54 0.13  0.00 0.00  0.00 0.00
0785-52339-079 0.9856 0.1329 8.42 0.15 -1.30 0.19 -0.66 0.31 -1.82 0.23 -2.47 0.19  0.00 0.00 -2.11 0.36
0786-52319-443 1.0332 0.1502 8.25 0.16 -0.93 0.20 -0.75 0.32 -1.84 0.24 -2.37 0.19  0.00 0.00 -1.80 0.29
0795-52378-405 1.0239 0.0878 8.31 0.09 -1.17 0.12 -0.68 0.18 -1.88 0.20 -2.49 0.12 -3.55 0.48 -1.83 0.26
0826-52295-639 1.8804 0.0667 7.42 0.03 -1.50 0.07 -0.82 0.05 -1.53 0.08 -2.34 0.10 -3.19 0.23 -1.49 0.28
0828-52317-148 1.1655 0.0442 8.20 0.04 -1.29 0.05 -0.70 0.07 -1.80 0.09 -2.60 0.11 -3.79 0.45 -1.98 0.22
0831-52294-526 1.2890 0.0497 8.10 0.04 -1.29 0.05 -0.71 0.07 -1.69 0.10 -2.51 0.11 -3.59 0.44 -1.75 0.19
0842-52376-330 1.0388 0.0406 8.34 0.04 -1.64 0.06 -0.75 0.08 -1.74 0.09 -2.48 0.06 -3.62 0.27  0.00 0.00
0843-52378-541 1.0742 0.0703 8.25 0.07 -1.29 0.08 -0.72 0.14 -1.74 0.13 -2.45 0.13 -3.45 0.29 -2.02 0.22
0844-52378-041 1.0050 0.0368 8.35 0.04 -1.44 0.05 -0.70 0.08 -1.74 0.07 -2.45 0.05 -3.34 0.11 -2.10 0.15
0844-52378-299 1.0292 0.1242 8.22 0.13 -0.90 0.16 -0.73 0.27 -1.83 0.22 -2.43 0.16  0.00 0.00 -1.78 0.25
0845-52381-246 1.3080 0.5082 7.24 0.36 -0.18 0.48  0.00 0.00 -1.23 0.46 -1.81 0.44  0.00 0.00 -1.71 0.62
0847-52426-040 1.0850 0.1164 8.14 0.11 -1.14 0.14 -0.63 0.23 -1.60 0.18 -2.34 0.14 -3.20 0.31 -1.70 0.22
0847-52426-522 1.1630 0.0842 8.17 0.07 -1.34 0.09 -0.71 0.14 -1.74 0.13 -2.45 0.09  0.00 0.00 -1.95 0.28
0853-52374-196 1.0362 0.0764 8.30 0.08 -1.37 0.10 -0.68 0.16 -1.64 0.15 -2.42 0.10  0.00 0.00 -1.79 0.21
0854-52373-373 0.8916 0.1721 8.54 0.22 -1.36 0.28 -0.61 0.46 -1.81 0.37 -2.54 0.28  0.00 0.00 -1.70 0.37
0854-52373-514 1.2089 0.0563 8.14 0.05 -1.53 0.06 -0.71 0.09 -1.77 0.12 -2.50 0.06  0.00 0.00 -1.83 0.23
0861-52318-489 1.2912 0.0410 8.12 0.03 -1.44 0.05 -0.73 0.06 -1.65 0.09 -2.45 0.09 -3.47 0.34 -1.86 0.26
0875-52354-142 1.3520 0.0332 8.01 0.03 -1.49 0.04 -0.78 0.05 -1.47 0.06 -2.20 0.05 -3.45 0.19 -1.86 0.17
0875-52354-226 0.8886 0.1654 8.51 0.21 -1.07 0.27 -0.74 0.46 -1.81 0.35 -2.49 0.27  0.00 0.00 -1.91 0.38
0882-52370-476 1.1187 0.0466 8.20 0.04 -1.37 0.06 -0.73 0.08 -1.71 0.09 -2.39 0.06 -3.58 0.26 -2.25 0.37
0883-52430-341 1.3428 0.0517 7.92 0.04 -1.55 0.06 -0.79 0.07 -1.53 0.08 -2.31 0.05 -3.18 0.19  0.00 0.00
0884-52374-216 1.1096 0.0733 8.25 0.07 -1.34 0.09 -0.66 0.13 -1.76 0.13 -2.49 0.09  0.00 0.00 -1.85 0.22
0906-52368-534 1.0368 0.1135 8.29 0.12 -1.15 0.15 -0.68 0.24 -1.75 0.20 -2.41 0.15  0.00 0.00 -1.89 0.25
0908-52373-027 1.2149 0.0873 8.13 0.07 -1.37 0.09 -0.72 0.14 -1.76 0.14 -2.53 0.09  0.00 0.00 -1.90 0.26
0911-52426-253 1.2142 0.0836 8.06 0.06 -1.06 0.08 -0.75 0.14 -1.74 0.13 -2.39 0.08 -3.48 0.45 -1.89 0.25
0920-52411-575 1.3016 0.0279 8.10 0.02 -1.43 0.04 -0.73 0.04 -1.59 0.05 -2.44 0.06 -3.52 0.19 -1.77 0.16
0943-52376-631 1.0230 0.0795 8.30 0.08 -1.28 0.11 -0.77 0.17 -1.70 0.14 -2.37 0.10 -3.40 0.28 -1.91 0.21
0946-52407-618 1.0900 0.0442 8.24 0.04 -1.43 0.06 -0.72 0.08 -1.76 0.08 -2.45 0.08 -3.43 0.18 -2.06 0.19
0947-52411-569 1.5527 0.0487 7.79 0.03 -1.51 0.06 -0.74 0.05 -1.65 0.09 -2.35 0.09 -3.47 0.35 -1.68 0.36
0950-52378-338 1.0320 0.1118 8.26 0.12 -1.17 0.15 -0.70 0.24 -1.66 0.18 -2.41 0.15 -3.83 0.76 -2.08 0.33
0951-52398-600 1.0310 0.1534 8.22 0.16 -0.93 0.20 -0.64 0.32 -1.68 0.23 -2.37 0.20  0.00 0.00 -1.67 0.29
0952-52409-227 0.9639 0.1579 8.33 0.18 -0.99 0.23 -0.58 0.38 -1.77 0.27 -2.43 0.23  0.00 0.00 -1.87 0.35
0952-52409-247 1.4417 0.4417 7.38 0.26  0.09 0.35 -0.76 0.57  0.00 0.00 -2.10 0.31  0.00 0.00 -0.97 0.43
0954-52405-081 1.3685 0.0589 7.96 0.04 -1.55 0.06 -0.74 0.08 -1.62 0.10 -2.38 0.10  0.00 0.00 -1.80 0.24
0955-52409-608 1.3775 0.0285 8.00 0.02 -1.55 0.04 -0.73 0.04 -1.50 0.05 -2.32 0.05 -3.41 0.18 -1.88 0.24
0972-52435-370 1.2224 0.0724 8.13 0.06 -1.32 0.08 -0.67 0.11 -1.67 0.12 -2.43 0.08  0.00 0.00 -1.73 0.20
0976-52413-600 1.5011 0.0493 7.89 0.03 -1.55 0.06 -0.81 0.06 -1.61 0.09 -2.35 0.09 -3.44 0.37 -1.65 0.23
0978-52441-118 0.9468 0.0852 8.44 0.10 -1.14 0.13 -0.78 0.21 -1.82 0.17 -2.44 0.13 -3.60 0.32 -2.13 0.25
1043-52465-308 1.2575 0.0630 8.04 0.05 -1.44 0.07 -0.75 0.09 -1.59 0.11 -2.37 0.07  0.00 0.00 -2.03 0.43
1046-52460-329 1.2338 0.0569 8.06 0.05 -1.34 0.06 -0.72 0.09 -1.57 0.09 -2.23 0.06  0.00 0.00 -1.98 0.32
0848-52669-189 1.1583 0.2121 8.05 0.18 -1.10 0.23 -0.73 0.39 -1.54 0.29 -2.29 0.22  0.00 0.00 -1.67 0.38
0876-52669-175 1.3971 0.0385 8.01 0.03 -1.57 0.04 -0.76 0.05 -1.63 0.07 -2.40 0.07 -3.53 0.29 -2.14 0.35
0894-52615-185 1.2275 0.0522 8.12 0.04 -1.53 0.06 -0.72 0.08 -1.68 0.10 -2.44 0.10 -3.62 0.46 -1.86 0.20
0899-52620-594 1.2708 0.0339 8.10 0.03 -1.54 0.04 -0.70 0.05 -1.74 0.07 -2.46 0.06 -3.54 0.23 -1.84 0.12
0900-52637-348 1.4410 0.0482 7.91 0.03 -1.63 0.05 -0.78 0.06 -1.67 0.08 -2.42 0.08 -3.75 0.60 -1.81 0.22
0934-52672-369 1.1259 0.0480 8.24 0.04 -1.34 0.06 -0.70 0.09 -1.72 0.08 -2.45 0.06  0.00 0.00 -1.93 0.19
0937-52707-425 1.0321 0.0763 8.34 0.08 -1.33 0.10 -0.69 0.16 -1.70 0.16 -2.44 0.10  0.00 0.00 -2.16 0.46
0941-52709-109 1.0736 0.0686 8.26 0.07 -1.43 0.09 -0.72 0.13 -1.69 0.14 -2.40 0.09  0.00 0.00  0.00 0.00
0943-52376-631 1.0230 0.0795 8.30 0.08 -1.28 0.11 -0.77 0.17 -1.70 0.14 -2.37 0.10 -3.40 0.28 -1.91 0.21
0964-52646-570 1.2279 0.0783 8.11 0.06 -1.40 0.08 -0.67 0.12 -1.75 0.13 -2.49 0.08  0.00 0.00 -1.79 0.20
0967-52636-244 1.0294 0.1729 8.26 0.18 -1.13 0.23 -0.75 0.37 -1.74 0.28 -2.41 0.23  0.00 0.00 -1.99 0.41
0967-52636-339 1.0783 0.0338 8.27 0.03 -1.44 0.05  0.00 0.00 -1.73 0.07 -2.46 0.07 -3.60 0.24 -1.79 0.11
0999-52636-517 0.9821 0.0989 8.29 0.11 -0.93 0.14 -0.77 0.23 -1.75 0.18 -2.42 0.14 -3.53 0.36 -1.85 0.22
1010-52649-150 1.4687 0.0805 7.83 0.05 -1.51 0.07 -0.78 0.09 -1.59 0.13 -2.38 0.07  0.00 0.00 -1.68 0.34
1010-52649-328 0.9830 0.0297 8.37 0.03 -1.10 0.04 -0.81 0.07 -1.79 0.05 -2.45 0.04 -3.49 0.09 -1.97 0.07
1012-52649-392 1.1587 0.1745 8.09 0.15 -0.84 0.19 -0.96 0.34 -1.79 0.22 -2.38 0.18  0.00 0.00 -1.72 0.27
1014-52707-254 1.2541 0.0474 8.13 0.04 -1.51 0.06 -0.69 0.07 -1.66 0.10 -2.44 0.10  0.00 0.00 -1.89 0.28
1015-52734-003 1.0947 0.0583 8.22 0.05 -1.34 0.07 -0.68 0.11 -1.73 0.11 -2.43 0.07  0.00 0.00 -1.97 0.22
1018-52672-518 1.3642 0.0654 7.92 0.04 -1.53 0.06 -0.79 0.09 -1.59 0.11 -2.33 0.06  0.00 0.00 -2.05 0.39
1019-52707-260 1.7359 0.0620 7.65 0.03 -1.58 0.08 -0.78 0.06 -1.74 0.11 -2.42 0.13  0.00 0.00  0.00 0.00
1039-52707-119 1.0493 0.0451 8.37 0.05 -1.48 0.06 -0.65 0.09 -1.85 0.09 -2.55 0.06 -3.69 0.30 -1.94 0.15
1043-52465-308 1.2575 0.0630 8.04 0.05 -1.44 0.07 -0.75 0.09 -1.59 0.11 -2.37 0.07  0.00 0.00 -2.03 0.43
1047-52733-064 0.9926 0.2830 8.27 0.31 -1.05 0.39 -0.70 0.64 -1.84 0.52 -2.33 0.39  0.00 0.00 -1.71 0.56
1048-52736-424 1.3205 0.0468 8.05 0.04 -1.35 0.05 -0.74 0.07 -1.69 0.10 -2.44 0.09  0.00 0.00 -1.66 0.17
1049-52751-445 1.1413 0.1659 8.08 0.14 -1.01 0.18 -0.77 0.30 -1.61 0.24 -2.33 0.18  0.00 0.00 -1.62 0.30
1050-52721-274 1.1550 0.0502 8.22 0.04 -1.40 0.06 -0.69 0.09 -1.78 0.10 -2.50 0.06  0.00 0.00 -1.88 0.20
1050-52721-402 1.0807 0.0494 8.24 0.05 -1.18 0.06 -0.69 0.09 -1.82 0.10 -2.49 0.06 -3.50 0.23 -1.88 0.15
1158-52668-062 1.4089 0.0456 7.94 0.03 -1.31 0.04 -0.69 0.06 -1.73 0.09 -2.43 0.08  0.00 0.00 -1.65 0.13
1164-52674-298 1.2118 0.0821 8.02 0.07 -1.35 0.09 -0.68 0.13 -1.51 0.12 -2.35 0.09  0.00 0.00 -1.80 0.29
1171-52753-376 1.0353 0.1040 8.30 0.11 -1.00 0.14 -0.72 0.22  0.00 0.00 -2.48 0.14  0.00 0.00 -2.08 0.28
1185-52642-123 1.4016 0.0276 8.08 0.02 -1.52 0.04 -0.74 0.04 -1.57 0.05 -2.43 0.05 -3.51 0.13 -1.89 0.17
1194-52703-397 1.6802 0.0654 7.63 0.03 -1.41 0.05 -0.69 0.06 -1.54 0.07 -2.17 0.07 -3.28 0.27 -1.72 0.20
1201-52674-168 1.9473 1.1222 6.80 0.41  0.12 0.58 -1.00 1.18 -1.06 0.51 -1.78 0.47  0.00 0.00  0.00 0.00
1214-52731-142 1.2030 0.0461 8.15 0.04 -1.32 0.05 -0.72 0.08 -1.67 0.08 -2.45 0.09  0.00 0.00 -1.96 0.25
1216-52709-619 1.0076 0.0897 8.39 0.10 -1.33 0.12 -0.71 0.20 -1.72 0.17 -2.42 0.12  0.00 0.00 -1.95 0.24
1221-52751-571 1.1803 0.0983 8.15 0.08 -1.46 0.11 -0.70 0.16 -1.73 0.17 -2.45 0.10  0.00 0.00 -1.99 0.47
1223-52781-128 1.0695 0.1088 8.22 0.10 -1.32 0.13 -0.73 0.21 -1.64 0.18 -2.31 0.13  0.00 0.00  0.00 0.00
1233-52734-136 1.1267 0.0767 8.16 0.07 -0.93 0.09 -0.81 0.14 -1.72 0.13 -2.36 0.09  0.00 0.00 -1.68 0.15
1233-52734-515 1.5464 0.0429 7.82 0.03 -1.51 0.05 -0.68 0.05 -1.51 0.06 -2.23 0.06 -3.29 0.16 -1.99 0.52
1277-52765-031 1.0346 0.0809 8.26 0.08 -1.12 0.11 -0.71 0.17 -1.64 0.15 -2.38 0.11  0.00 0.00 -1.83 0.24
1282-52759-057 1.4134 0.0558 7.92 0.04 -1.44 0.06 -0.71 0.07 -1.52 0.08 -2.35 0.09  0.00 0.00 -1.63 0.19
1288-52731-390 0.9976 0.0421 8.40 0.05 -1.49 0.06 -0.74 0.09 -1.73 0.09 -2.52 0.06  0.00 0.00 -2.11 0.20
1290-52734-256 0.9523 0.1052 8.46 0.12 -1.24 0.16 -0.77 0.26 -1.68 0.20 -2.36 0.16  0.00 0.00 -2.26 0.41
1305-52757-269 1.1461 0.0249 8.24 0.02 -1.54 0.03 -0.70 0.05 -1.77 0.04 -2.48 0.04 -3.57 0.13 -1.94 0.09
1309-52762-371 1.1052 0.0815 8.18 0.07 -1.22 0.10 -0.65 0.15 -1.62 0.13 -2.35 0.10  0.00 0.00 -2.16 0.43
1313-52790-423 1.4789 0.0328 7.95 0.02 -1.38 0.04 -0.78 0.04 -1.65 0.06 -2.39 0.05 -3.42 0.15  0.00 0.00
1315-52791-579 0.9773 0.0971 8.37 0.11 -1.40 0.14 -0.65 0.22 -1.68 0.19 -2.45 0.14 -3.41 0.33 -2.12 0.36
1321-52764-624 1.1287 0.0456 8.25 0.04 -1.25 0.06 -0.74 0.08 -1.80 0.08 -2.51 0.09  0.00 0.00 -1.82 0.14
1322-52791-470 1.0883 0.0449 8.30 0.04 -1.27 0.06 -0.72 0.09 -1.77 0.09 -2.51 0.09 -3.47 0.21 -1.65 0.10
1323-52797-002 0.9402 0.0203 8.51 0.03 -1.31 0.03 -0.74 0.05 -1.78 0.04 -2.58 0.04 -3.59 0.07 -2.30 0.08
1323-52797-008 0.9074 0.0338 8.53 0.04 -1.23 0.05 -0.78 0.09 -1.72 0.07 -2.40 0.06 -3.61 0.12 -2.33 0.12
1323-52797-016 1.1663 0.0684 8.07 0.06 -1.15 0.08 -0.67 0.12 -1.57 0.11 -2.35 0.08 -3.40 0.36 -2.00 0.33
1325-52762-348 0.9896 0.1041 8.26 0.12 -1.13 0.15 -0.65 0.23 -1.70 0.20 -2.40 0.15 -3.44 0.39 -2.17 0.51
1325-52762-350 1.0974 0.0301 8.22 0.03 -1.42 0.04 -0.68 0.06 -1.71 0.06 -2.49 0.06 -3.37 0.13 -2.23 0.25
1325-52762-352 0.9718 0.0319 8.48 0.04 -1.26 0.05 -0.76 0.08 -1.73 0.07 -2.39 0.06 -3.55 0.12 -2.44 0.17
1325-52762-353 1.8399 0.0418 7.46 0.02 -1.27 0.03 -0.53 0.04 -1.62 0.03 -2.15 0.03 -3.36 0.08 -1.71 0.06
1325-52762-412 1.1550 0.0360 8.24 0.04 -1.16 0.05 -0.73 0.06 -1.68 0.08 -2.50 0.09 -3.54 0.25 -1.80 0.22
1327-52781-276 1.3138 0.0583 8.01 0.04 -1.22 0.06 -0.72 0.08 -1.66 0.12 -2.35 0.06 -3.31 0.33 -1.81 0.28
1329-52767-605 1.1662 0.0669 8.16 0.06 -1.37 0.08 -0.76 0.11 -1.64 0.10 -2.46 0.07  0.00 0.00 -1.95 0.28
1332-52781-063 1.0981 0.1123 8.14 0.10 -1.02 0.13 -0.71 0.21 -1.65 0.20 -2.27 0.13  0.00 0.00 -1.73 0.27
1332-52781-456 1.2091 0.0779 8.16 0.06 -1.42 0.09 -0.68 0.12 -1.66 0.13 -2.43 0.08  0.00 0.00 -1.95 0.41
1333-52782-613 1.0539 0.1110 8.26 0.11 -1.29 0.14 -0.62 0.23 -1.73 0.18 -2.41 0.14 -3.47 0.41 -2.00 0.29
1335-52824-520 1.0116 0.0854 8.38 0.09 -1.31 0.12 -0.67 0.19 -1.77 0.15 -2.51 0.12 -3.36 0.26 -1.94 0.22
1342-52793-537 0.9718 0.1201 8.38 0.14 -1.19 0.17 -0.72 0.28 -1.75 0.22 -2.46 0.17 -3.73 0.65 -1.76 0.26
1350-52786-090 1.0974 0.1195 8.14 0.11 -0.93 0.14 -0.80 0.23 -1.66 0.19 -2.33 0.14 -3.30 0.36 -1.81 0.25
1351-52790-474 1.3625 0.0390 8.03 0.03 -1.37 0.05 -0.73 0.05 -1.65 0.08 -2.45 0.08 -3.40 0.24 -1.63 0.17
1371-52821-053 0.9809 0.2389 8.24 0.27 -1.17 0.34 -0.75 0.55 -1.61 0.42 -2.34 0.33 -3.10 0.52 -1.95 0.60
1371-52821-059 0.9543 0.0196 8.47 0.02 -1.53 0.03 -0.72 0.05 -1.77 0.04 -2.47 0.03 -3.52 0.07 -2.18 0.09
1371-52821-323 1.3562 0.0518 8.00 0.04 -1.44 0.05 -0.68 0.07 -1.68 0.10 -2.40 0.05 -3.26 0.25  0.00 0.00
