Title: Structures of Dwarf Satellites of Milky Way-like Galaxies: Morphology, 
       Scaling Relations, and Intrinsic Shapes 
Authors: Carlsten S.G., Greene J.E., Greco J.P., Beaton R.L., Kado-Fong E. 
Table: Main LV satellite Dwarf Photometry
================================================================================
Byte-by-byte Description of file: apjac2581t5_mrt.txt
--------------------------------------------------------------------------------
   Bytes Format Units Label  Explanations
--------------------------------------------------------------------------------
   1- 15 A15    ---            Name      Dwarf Name
  17- 23 A7     ---            Host      Host Type
  25- 32 F8.4   deg            RAdeg     Right Ascension, decimal degrees (J2000)
  34- 41 F8.4   deg            DEdeg     Declination, decimal degrees (J2000)
  43- 47 F5.2   mag            mg        ?="" Apparent g-band magnitude
  49- 52 F4.2   mag          e_mg        ?="" Uncertainty in mg
  54- 58 F5.2   mag            mr/i      ?="" Apparent r- or i- band magnitude (1)
  60- 63 F4.2   mag          e_mr/i      ?="" Uncertainty in mr/i
  65- 70 F6.2   mag            Mgmag     ?="" Absolute g-band magnitude
  72- 75 F4.2   mag          e_Mgmag     ?="" Uncertainty in Mgmag
  77- 82 F6.2   mag            MVmag     Absolute V-band magnitude (2)
  84- 87 F4.2   mag          e_MVmag     Uncertainty in MVmag
  89- 92 F4.2   [Msun]         logMstar  log, stellar mass, solar units
  94- 97 F4.2   [Msun]       e_logMstar  Uncertainty in logMstar
  99-103 F5.2   mag.arcsec-2   mu0V      V-band central surface brightness
 105-108 F4.2   mag.arcsec-2 e_mu0V      ?="" Uncertainty in mu0V
 110-115 F6.1   pc             Re        Effective radius of galaxy model
 117-121 F5.1   pc           e_Re        ?="" Uncertainty in Re
 123-127 F5.2   ---            ell       ?="" measured ellipticity
 129-132 F4.2   ---          e_ell       Uncertainty in ell
 134-139 A6     ---            ETG       Early-type galaxy? (3)
 141-144 A4     ---            Filt      Filters used
 146-157 A12    ---            Tel       Instrument+Telescope used
 159-159 A1     ---            Bad       y=Bad photometry? (4)
--------------------------------------------------------------------------------
Note (1): mr/i is the apparent magnitude measured in either the r or i band, 
    depending on which is used for that dwarf. Standardization of mixed 
    photometry was done using Equation 1.
Note (2): Absolute V-band magnitude converted from SDSS filters using Equation 2.
Note (3): Dwarf ETG values marked with "False?" or "True?" had ambiguous ETG/LTG
    visual classification and were classified based on the dwarf color and 
    magnitude.
Note (4): Dwarfs marked with a "y" had significant contamination from bright, 
    nearby stars or other galaxies, and the photometry might be biased. 
--------------------------------------------------------------------------------
SagittariusdSph MW      283.8292 -30.5453                                   -13.50 0.30 7.52 0.22 25.20 0.30 2616.7  91.8  0.64 0.10 True   None MCCONN         
UrsaMinor       MW      227.2833  67.2225                                    -9.03 0.05 5.58 0.22 25.77 0.08  382.2   2.4  0.55 0.10 True   None MCCONN         
Sculptor        MW       15.0375 -33.7092                                   -10.82 0.14 6.36 0.22 23.29 0.15  308.1   1.2  0.37 0.10 True   None MCCONN         
Carina          MW      100.4000 -50.9661                                    -9.43 0.05 5.76 0.22 25.35 0.07  349.8   3.7  0.37 0.10 True   None MCCONN         
Fornax          MW       39.9958 -34.4492                                   -13.46 0.14 7.50 0.22 23.59 0.16  788.0   8.6  0.28 0.10 True   None MCCONN         
Leo2            MW      168.3667  22.1517                                    -9.74 0.04 5.89 0.22 24.24 0.07  168.3   2.0  0.07 0.10 True   None MCCONN         
Leo1            MW      152.1167  12.3064                                   -11.78 0.28 6.78 0.22 22.61 0.30  243.4   2.2  0.30 0.10 True   None MCCONN         
AndromedaI      M31      11.4158  38.0411                                   -11.86 0.10 6.81 0.22 24.70 0.20  671.6  65.0  0.22 0.10 True   None MCCONN         
AndromedaIII    M31       8.8908  36.4978                                   -10.17 0.30 6.08 0.22 24.80 0.20  478.8  43.5  0.52 0.10 True   None MCCONN         
AndromedaV      M31      17.5713  47.6281                                    -9.54 0.20 5.81 0.22 25.30 0.20  314.7  45.0  0.18 0.10 True   None MCCONN         
AndromedaXXXII  M31       8.9975  51.5597                                   -12.25 0.70 6.98 0.22 26.40 0.80 1467.7 271.0  0.50 0.10 True   None MCCONN         
NGC147          M31       8.3000  48.5089                                   -14.65 0.10 8.01 0.22 21.20       623.4        0.41 0.10 True   None MCCONN         
AndromedaXV     M31      18.5779  38.1175                                    -9.38 0.30 5.74 0.22 24.80 0.40  220.0   9.1  0.00 0.10 True   None MCCONN         
AndromedaII     M31      19.1242  33.4192                                   -12.57 0.20 7.12 0.22 24.50 0.20 1175.2  37.9  0.20 0.10 True   None MCCONN         
NGC185          M31       9.7417  48.3375                                   -14.75 0.10 8.05 0.22 20.80       457.4        0.15 0.10 True   None MCCONN         
AndromedaVII    M31     351.6292  50.6758                                   -13.21 0.30 7.39 0.22 23.20 0.20  775.9  22.2  0.13 0.10 True   None MCCONN         
IC10            M31       5.0708  59.3039                                   -15.00 0.20 7.83 0.22 24.60 0.20  612.3        0.19 0.10 False  None MCCONN         
AndromedaXXXI   M31     344.5679  41.2911                                   -11.70 0.70 6.74 0.22 25.80 0.80  926.8  88.3  0.43 0.10 True   None MCCONN         
LGS3            M31      15.9792  21.8850                                   -10.13 0.10 5.57 0.22 24.80 0.10  469.8  44.7  0.20 0.10 False  None MCCONN         
AndromedaVI     M31     357.9429  24.5825                                   -11.47 0.20 6.64 0.22 24.10 0.20  524.1  45.6  0.41 0.10 True   None MCCONN         
dw0237p3855     NGC1023  39.3276  38.9331 15.24 0.10 14.54 0.11 -14.84 0.10 -15.12 0.10 8.00 0.11 21.39 0.16  926.2  96.5  0.27 0.03 False  gi   CFHT/MEGACAM y 
dw0233p3852     NGC1023  38.4279  38.8723 18.43 0.14 17.91 0.17 -11.66 0.14 -11.85 0.14 6.49 0.12 25.09 0.16  756.1  50.9  0.46 0.03 True   gi   CFHT           
dw0241p3904     NGC1023  40.2512  39.0727 15.56 0.03 15.15 0.03 -14.53 0.03 -14.69 0.03 7.49 0.10 22.64 0.02  980.6  25.9  0.19 0.02 False  gi   CFHT/MEGACAM y 
dw0240p3833     NGC1023  40.1044  38.5630 14.24 0.03 13.59 0.03 -15.84 0.03 -16.11 0.03 8.35 0.10 21.17 0.08 1519.9  41.6  0.77 0.00 False  gi   CFHT/MEGACAM   
dw0240p3854     NGC1023  40.1374  38.9004 16.78 0.03 16.37 0.04 -13.30 0.03 -13.47 0.03 7.01 0.10 21.09 0.03  318.8   3.3  0.53 0.01 False  gi   CFHT/MEGACAM   
dw0235p3850     NGC1023  38.9760  38.8362 16.82 0.15 16.21 0.14 -13.27 0.15 -13.51 0.15 7.25 0.12 21.18 0.10  532.8  86.4  0.35 0.08 False? gi   CFHT/MEGACAM   
dw0237p3836     NGC1023  39.4144  38.6003 18.20 0.17 17.56 0.16 -11.89 0.17 -12.13 0.17 6.74 0.12 23.85 0.13  547.9  63.0  0.42 0.15 True   gi   CFHT           
dw0239p3903     NGC1023  39.8432  39.0554 20.62 0.49 20.05 0.34  -9.47 0.49  -9.69 0.49 5.69 0.15 25.06 0.28  335.5  44.0  0.52 0.06 True   gi   CFHT           
dw0239p3902     NGC1023  39.9460  39.0473 20.58 0.09 19.76 0.08  -9.51 0.09  -9.82 0.09 6.02 0.15 24.72 0.07  284.5  15.8  0.51 0.03 True   gi   CFHT           
dw0239p3926     NGC1023  39.8325  39.4339 18.21 0.14 17.59 0.14 -11.87 0.14 -12.11 0.14 6.71 0.12 26.17 0.10 1129.4 103.8  0.25 0.05 True   gi   CFHT           
dw0240p3903     NGC1023  40.1544  39.0593 14.41 0.09 12.23 0.09 -15.68 0.09 -15.98 0.09 8.41 0.12 21.97 0.09 2047.4   0.0  0.22 0.02 False  gi   CFHT/MEGACAM y 
dw0240p3922     NGC1023  40.1649  39.3792 16.68 0.07 16.43 0.08 -13.41 0.07 -13.52 0.07 6.84 0.11 22.45 0.05  642.2  53.4  0.53 0.07 False  gi   CFHT/MEGACAM y 
dw0932p2127     NGC2903 143.2034  21.4656 15.74 0.08 15.15 0.06 -14.03 0.08 -14.37 0.08 7.87 0.13 22.38 0.13  728.9  30.3  0.14 0.02 True   gr   CFHT           
dw0930p1959     NGC2903 142.5540  19.9913 16.65 0.09 16.28 0.09 -13.12 0.09 -13.34 0.09 7.13 0.13 23.61 0.11  556.5  32.0  0.07 0.02 False  gr   DECALS         
dw0933p2030     NGC2903 143.3069  20.5152 17.39 0.09 16.93 0.10 -12.39 0.09 -12.65 0.10 6.99 0.13 22.53 0.12  443.9  28.3  0.30 0.03 True   gr   DECALS         
dw0936p2135     NGC2903 144.0890  21.5993 17.84 0.10 17.40 0.10 -11.93 0.10 -12.19 0.10 6.77 0.13 22.74 0.13  341.4  23.6  0.20 0.03 False  gr   DECALS         
dw0930p2143     NGC2903 142.6666  21.7240 18.96 0.08 18.72 0.07 -10.81 0.08 -10.95 0.09 5.98 0.11 23.30 0.06  270.5  21.5  0.54 0.02 False  gr   CFHT/MEGACAM   
dw0932p1952     NGC2903 143.0990  19.8754 19.33 0.12 18.75 0.11 -10.44 0.12 -10.78 0.12 6.44 0.14 24.17 0.17  309.0  30.6  0.38 0.05 True   gr   DECALS         
LVJ1218+4655    NGC4258 184.5465  46.9172 16.49 0.02 16.29 0.03 -12.80 0.02 -12.92 0.02 6.71 0.10 21.85 0.05  562.2  20.4  0.75 0.04 False  gr   CFHT/MEGACAM   
NGC4258-df6     NGC4258 184.7757  47.7302 18.16 0.16 17.78 0.17 -11.13 0.16 -11.35 0.16 6.36 0.13 24.43 0.10  484.4  44.2  0.12 0.03 True   gr   CFHT           
KDG101          NGC4258 184.7875  47.0899 15.28 0.09 14.77 0.10 -14.01 0.09 -14.31 0.10 7.73 0.13 23.08 0.16  887.9  60.2  0.32 0.03 True   gr   CFHT           
dw1220p4649     NGC4258 185.2286  46.8302 18.90 0.13 18.43 0.10 -10.39 0.13 -10.66 0.14 6.23 0.13 25.21 0.08  422.2  23.6  0.23 0.03 True   gr   CFHT           
dw1223p4739     NGC4258 185.9424  47.6589 18.12 0.09 17.69 0.08 -11.16 0.09 -11.42 0.09 6.46 0.13 24.88 0.07  555.8  80.9  0.38 0.14 True   gr   CFHT           
dw1234p2531     NGC4565 188.6007  25.5221 16.72 0.03 16.18 0.02 -13.66 0.03 -13.97 0.03 7.65 0.13 23.33 0.03 1074.2  28.2  0.53 0.01 True   gr   CFHT           
dw1237p2602     NGC4565 189.2549  26.0360 18.04 0.06 17.65 0.07 -12.33 0.06 -12.56 0.06 6.85 0.10 22.22 0.31  457.8  33.6  0.49 0.01 False  gr   CFHT/MEGACAM   
dw1236p2605     NGC4565 189.0835  26.0843 16.58 0.01 16.42 0.01 -13.80 0.01 -13.89 0.01 7.03 0.10 22.42 0.02  506.5   5.1  0.33 0.01 False  gr   CFHT/MEGACAM   
dw1239p3230     NGC4631 189.7713  32.5046 18.27 0.10 17.95 0.10 -11.08 0.10 -11.26 0.10 6.23 0.13 23.07 0.10  802.1   0.1  0.11 0.04 False  gr   CFHT/MEGACAM   
dw1242p3158     NGC4631 190.6308  31.9692 19.20 0.10 18.71 0.08 -10.14 0.10 -10.43 0.10 6.15 0.14 24.17 0.12  251.3  22.0  0.27 0.02 True   gr   CFHT           
dw1240p3216     NGC4631 190.2209  32.2822 18.98 0.10 18.49 0.09 -10.36 0.10 -10.65 0.10 6.25 0.14 24.25 0.09  312.8  20.0  0.40 0.03 True   gr   CFHT           
dw1243p3228     NGC4631 190.8534  32.4821 16.75 0.03 16.31 0.03 -12.60 0.03 -12.86 0.03 7.06 0.13 23.25 0.03  574.7  10.7  0.43 0.01 True   gr   CFHT           
dw1240p3247     NGC4631 190.2437  32.7904 16.32 0.64 15.71 0.42 -13.03 0.64 -13.39 0.67 7.53 0.13 25.86 0.45 2258.5 684.5  0.43 0.12 True   gr   CFHT           
dw1239p3251     NGC4631 189.8317  32.8608 20.25 0.25 19.75 0.24  -9.09 0.25  -9.39 0.26 5.77 0.16 25.95 0.23  450.4  51.6  0.37 0.09 True   gr   CFHT           
dw1241p3251     NGC4631 190.4464  32.8577 15.71 0.05 15.57 0.07 -13.64 0.05 -13.72 0.05 6.92 0.11 22.27 0.04  651.8  33.3  0.46 0.01 False  gr   CFHT/MEGACAM   
dw1241p3234     NGC4631 190.4987  32.5740 12.86 0.03 12.50 0.04 -16.49 0.03 -16.70 0.03 8.45 0.11 19.82 0.05  948.2  29.9  0.33 0.02 False  gr   CFHT/MEGACAM y 
dw1236p3336     NGC4631 189.2059  33.6131 16.67 0.09 16.42 0.09 -12.68 0.09 -12.82 0.09 6.74 0.12 21.96 0.11  423.5  24.4  0.66 0.02 False  gr   DECALS         
dw1248p3158     NGC4631 192.2187  31.9702 17.13 0.09 16.70 0.09 -12.21 0.09 -12.47 0.09 6.88 0.13 23.92 0.12  572.0  35.7  0.29 0.03 True   gr   DECALS         
dw1240m1140     M104    190.0733 -11.6793 18.34 0.38 17.47 0.40 -11.56 0.38 -11.89 0.38 6.92 0.12 24.54 0.22 1433.7  83.6 -0.10 0.05 True   gi   CFHT         y 
dw1241m1155     M104    190.3281 -11.9254 17.50 0.11 16.72 0.13 -12.40 0.11 -12.70 0.11 7.13 0.12 24.83 0.11  756.3  54.6  0.04 0.07 True   gi   CFHT           
dw1239m1159     M104    189.7877 -11.9867 19.14 0.22 18.66 0.22 -10.76 0.22 -10.94 0.22 6.09 0.13 25.39 0.19  561.5 117.3  0.07 0.05 True   gi   CFHT           
dw1241m1131     M104    190.2617 -11.5288 19.81 0.18 19.16 0.22 -10.09 0.18 -10.34 0.18 6.04 0.14 24.56 0.21  344.3  43.1 -0.10 0.08 True   gi   CFHT           
dw1241m1153     M104    190.3002 -11.8916 18.33 0.19 17.61 0.17 -11.57 0.19 -11.85 0.19 6.72 0.12 25.46 0.10  719.0  86.1  0.09 0.03 True   gi   CFHT           
dw1239m1143     M104    189.8136 -11.7189 16.46 0.03 15.67 0.02 -13.44 0.03 -13.74 0.03 7.57 0.12 22.55 0.02  606.1  11.9  0.30 0.01 True   gi   CFHT           
dw1239m1144     M104    189.9787 -11.7460 17.31 0.29 16.64 0.26 -12.59 0.29 -12.85 0.30 7.06 0.12 24.74 0.20 1042.8 208.2  0.26 0.08 True   gi   CFHT           
dw1240m1118     M104    190.0392 -11.3139 15.95 0.03 15.13 0.03 -13.95 0.03 -14.26 0.03 7.81 0.12 22.09 0.08  660.5  16.9  0.10 0.02 True   gi   CFHT           
dw1239m1120     M104    189.9645 -11.3413 19.47 0.10 18.90 0.10 -10.43 0.10 -10.65 0.10 6.07 0.13 24.74 0.08  313.3  29.2  0.14 0.03 True   gi   CFHT           
dw1239m1113     M104    189.8866 -11.2268 18.30 0.25 17.47 0.29 -11.60 0.25 -11.92 0.26 6.88 0.12 25.31 0.23  683.7 105.6  0.13 0.08 True   gi   CFHT           
dw1237m1125     M104    189.2985 -11.4332 18.32 0.06 17.57 0.25 -11.58 0.06 -11.87 0.11 6.77 0.12 23.35 0.33  350.1  18.5  0.30 0.03 True   gi   CFHT           
dw0221p4221     NGC891   35.3010  42.3640 17.28 0.09 16.79 0.10 -12.52 0.09 -12.80 0.10 7.10 0.13 22.58 0.12  513.0  31.9  0.51 0.03 True   gr   CFHT           
dw0222p4242     NGC891   35.7298  42.7123 17.13 0.09 16.76 0.10 -12.67 0.09 -12.89 0.10 6.96 0.13 24.50 0.12 1138.2  69.6  0.58 0.03 True   gr   CFHT           
dw0221p4245     NGC891   35.3058  42.7629 13.86 0.09 13.52 0.09 -15.94 0.09 -16.14 0.09 8.20 0.13 21.48 0.11 1617.4  78.5  0.02 0.02 False  gr   CFHT/MEGACAM   
dw1911m6413     NGC6744 287.8437 -64.2226 14.41 0.09 13.94 0.09 -15.35 0.09 -15.53 0.09 7.90 0.12 23.34 0.11 1556.4  76.7  0.23 0.02 False  gi   DECAM          
dw1907m6342     NGC6744 286.8439 -63.7064 17.88 0.10 17.26 0.10 -11.88 0.10 -12.12 0.10 6.71 0.12 22.89 0.13  346.7  24.1  0.38 0.03 True   gi   DECAM          
dw1906m6357     NGC6744 286.7415 -63.9636 16.43 0.09 15.68 0.09 -13.33 0.09 -13.61 0.09 7.46 0.12 23.13 0.11  755.1  42.2  0.20 0.02 True   gi   DECAM          
dw1908m6343     NGC6744 287.1830 -63.7301 14.55 0.09 14.21 0.09 -15.21 0.09 -15.34 0.09 7.68 0.12 22.48 0.11 1726.2  85.5  0.75 0.02 False  gi   DECAM          
dw1905m6316     NGC6744 286.4831 -63.2721 18.32 0.10 17.58 0.10 -11.44 0.10 -11.72 0.11 6.69 0.12 24.12 0.14  411.4  31.2  0.19 0.04 True   gi   DECAM          
dw1405p5427     M101    211.3888  54.4611 13.86 0.09 13.57 0.09 -15.21 0.09 -15.37 0.09 7.81 0.13 21.70 0.11  868.4  42.2  0.29 0.02 False  gr   DECALS         
Holm4           M101    208.6904  53.9008 13.26 0.08 12.86 0.09 -15.80 0.08 -16.04 0.09 8.27 0.13 22.16 0.11 2467.0 118.4  0.72 0.02 False  gr   DECALS         
M101-df1        M101    210.9375  53.9444 18.92 0.11 18.11 0.10 -10.15 0.11 -10.45 0.11 6.26 0.12 24.95 0.15  430.5  38.0  0.46 0.05 True   gi   CFHT           
M101-df3        M101    210.7738  53.6156 17.98 0.10 17.85 0.10 -11.08 0.10 -11.14 0.10 5.77 0.12 26.19 0.13  891.7  63.3  0.35 0.03 True   gi   CFHT           
M101-dwa        M101    211.7079  53.7417 19.36 0.12 18.58 0.11  -9.71 0.12 -10.00 0.12 6.05 0.13 25.12 0.17  282.2  28.1  0.30 0.05 True   gi   CFHT           
dw1350p5441     M101    207.7433  54.6892 17.20 0.09 16.77 0.10 -11.87 0.09 -12.12 0.10 6.74 0.13 25.48 0.12  719.3  44.5  0.01 0.03 True   gr   DECALS         
UGC8882         M101    209.3113  54.1008 14.96 0.09 14.22 0.09 -14.10 0.09 -14.39 0.09 7.75 0.12 22.09 0.11  531.5  26.8  0.25 0.02 True   gi   CFHT           
dw1255p4035     M94     193.7604  40.5894 18.79 0.11 18.09 0.10  -9.33 0.11  -9.73 0.11 6.19 0.13 26.22 0.15  519.8  43.9  0.46 0.04 True   gr   DECALS         
dw1251p4137     M94     192.7683  41.6361 18.45 0.11 17.97 0.10  -9.67 0.11  -9.95 0.11 5.95 0.13 24.63 0.14  439.5  30.7  0.59 0.04 True   gr   DECALS         
dw1243p4127     M94     190.9799  41.4575 16.33 0.09 15.97 0.09 -11.79 0.09 -12.00 0.09 6.58 0.12 23.40 0.11  537.5  29.9  0.51 0.02 False  gr   DECALS         
dw0031m2246     NGC253    7.8436 -22.7661 15.86 0.09 15.73 0.09 -11.90 0.09 -11.98 0.09 6.22 0.12 23.50 0.11  411.5  21.9  0.53 0.02 False  gr   DECALS         
dw0049m2100     NGC253   12.4539 -21.0164 15.07 0.09 14.89 0.09 -12.69 0.09 -12.79 0.09 6.62 0.13 23.20 0.11  627.1  31.8  0.62 0.02 False  gr   DECALS         
dw0055m2309     NGC253   13.7539 -23.1686 17.49 0.09 17.14 0.10 -10.26 0.09 -10.47 0.10 5.96 0.13 23.75 0.12  279.1  18.1  0.37 0.03 False  gr   DECALS         
dw1245p2125     M64     191.3366  21.4271 15.93 0.09 15.48 0.09 -12.69 0.09 -12.95 0.09 7.10 0.13 22.51 0.11  696.4  37.3  0.57 0.02 False  gr   DECALS         
dw1249p2155     M64     192.4033  21.9180 17.41 0.09 17.12 0.10 -11.21 0.09 -11.38 0.10 6.23 0.13 21.80 0.12  176.5  11.3  0.36 0.03 False  gr   DECALS         
dw1251p2144     M64     192.9417  21.7349 15.87 0.09 15.67 0.09 -12.75 0.09 -12.87 0.09 6.68 0.13 22.63 0.11  480.8  25.6  0.60 0.02 False  gr   DECALS         
dw1255p1912     M64     193.9210  19.2095 16.00 0.09 15.93 0.09 -12.62 0.09 -12.66 0.09 6.41 0.13 24.45 0.11  884.7  47.7  0.55 0.02 False  gr   DECALS         
dw1300p1843     M64     195.1294  18.7174 17.89 0.10 17.27 0.10 -10.73 0.10 -11.10 0.10 6.62 0.13 26.04 0.13  704.4  49.4  0.27 0.03 True   gr   DECALS         
dw1302p2159     M64     195.6740  21.9980 16.26 0.09 15.74 0.09 -12.36 0.09 -12.66 0.09 7.09 0.13 23.42 0.11  456.5  25.2  0.12 0.02 True   gr   DECALS         
dw1252p2215     M64     193.0237  22.2655 19.86 0.13 19.33 0.13  -8.76 0.13  -9.07 0.14 5.68 0.15 25.61 0.19  233.7  27.1  0.28 0.07 True   gr   DECALS         
dw1258p2329     M64     194.7139  23.4899 19.14 0.12 18.68 0.11  -9.48 0.12  -9.75 0.12 5.83 0.14 24.77 0.16  564.0  50.9  0.30 0.05 True   gr   DECALS         
dw1310p4153     NGC5055 197.6744  41.8907 19.12 0.12 18.56 0.11 -10.62 0.12 -10.95 0.12 6.47 0.14 25.42 0.16  593.9  55.8  0.36 0.05 True   gr   DECALS         
dw1312p4158     NGC5055 198.0773  41.9755 19.62 0.13 19.08 0.12 -10.12 0.13 -10.43 0.13 6.24 0.15 26.25 0.18  545.4  58.6  0.25 0.06 True   gr   DECALS         
dw1312p4147     NGC5055 198.2440  41.7864 15.25 0.09 14.64 0.09 -14.49 0.09 -14.85 0.09 8.10 0.13 22.67 0.11 1132.7  57.9  0.22 0.02 True?  gr   DECALS         
dw1313p4202     NGC5055 198.4161  42.0431 17.99 0.10 17.45 0.10 -11.75 0.10 -12.06 0.10 6.87 0.13 24.70 0.13  622.3  43.9  0.17 0.03 True   gr   DECALS         
dw1313p4212     NGC5055 198.4754  42.2092 14.12 0.09 13.67 0.09 -15.62 0.09 -15.88 0.09 8.28 0.13 20.77 0.11 1340.0  65.5  0.74 0.02 False  gr   DECALS         
dw1315p4123     NGC5055 198.8161  41.3965 20.71 0.17 20.21 0.17  -9.02 0.17  -9.32 0.18 5.75 0.19 26.19 0.26  339.7  51.8  0.35 0.10 True   gr   DECALS         
dw1315p4130     NGC5055 198.8740  41.5023 17.67 0.10 17.18 0.10 -12.07 0.10 -12.36 0.10 6.92 0.13 24.73 0.12  864.0  58.5  0.22 0.03 True   gr   DECALS         
dw1321p4226     NGC5055 200.3707  42.4334 20.11 0.14 19.56 0.13  -9.63 0.14  -9.95 0.15 6.07 0.16 23.79 0.21  202.5  25.5  0.41 0.07 True   gr   DECALS         
dw1231p0140     NGC4517 187.7658   1.6758 15.53 0.09 15.18 0.09 -14.07 0.09 -14.28 0.09 7.47 0.13 21.88 0.11  496.4  25.8  0.27 0.02 False  gr   DECALS         
dw1232p0015     NGC4517 188.1505   0.2625 17.51 0.09 16.93 0.10 -12.09 0.09 -12.43 0.10 7.10 0.13 22.15 0.12  278.5  18.1  0.12 0.03 True   gr   DECALS         
dw1236m0025     NGC4517 189.1755  -0.4305 18.68 0.11 18.46 0.11 -10.93 0.11 -11.06 0.11 5.99 0.13 23.77 0.14  400.9  33.3  0.49 0.04 False  gr   DECALS         
dw1238m0035     NGC4517 189.7051  -0.5978 19.20 0.12 18.74 0.11 -10.40 0.12 -10.67 0.12 6.22 0.14 23.71 0.16  244.0  23.3  0.16 0.05 True   gr   DECALS         
dw1238m0105     NGC4517 189.7086  -1.0868 20.42 0.15 19.99 0.15  -9.18 0.15  -9.44 0.16 5.68 0.17 24.30 0.23  203.3  28.6  0.39 0.09 True   gr   DECALS         
dw1238p0028     NGC4517 189.5587   0.4768 19.70 0.13 19.18 0.12  -9.91 0.13 -10.21 0.13 6.12 0.15 26.12 0.18  457.7  50.6  0.11 0.06 True   gr   DECALS         
dw1239m0039     NGC4517 189.7606  -0.6644 16.88 0.09 16.57 0.09 -12.72 0.09 -12.91 0.09 6.88 0.13 24.23 0.12  832.2  49.3  0.41 0.02 False  gr   DECALS         
dw1122p1326     NGC3627 170.7307  13.4413 14.63 0.09 14.04 0.09 -15.48 0.09 -15.82 0.09 8.47 0.13 21.21 0.11  915.7  45.4  0.14 0.02 True   gr   DECALS         
dw1123p1338     NGC3627 170.8296  13.6298 14.95 0.09 14.45 0.09 -15.16 0.09 -15.45 0.09 8.19 0.13 20.14 0.11 1004.2  50.6  0.06 0.02 False? gr   DECALS         
dw1117p1305     NGC3627 169.2544  13.0993 15.55 0.09 15.07 0.09 -14.56 0.09 -14.84 0.09 7.91 0.13 21.77 0.11  724.6  37.8  0.21 0.02 False  gr   DECALS         
dw1119p1157     NGC3627 169.8098  11.9524 16.22 0.09 15.95 0.09 -13.89 0.09 -14.04 0.09 7.25 0.13 22.58 0.11  937.5  51.6  0.53 0.02 False  gr   DECALS         
dw1122p1258     NGC3627 170.6002  12.9795 16.53 0.09 16.03 0.09 -13.57 0.09 -13.87 0.09 7.56 0.13 21.55 0.11  421.1  27.3  0.04 0.02 True   gr   DECALS         
dw1123p1253     NGC3627 170.9066  12.8960 16.72 0.09 16.34 0.09 -13.38 0.09 -13.61 0.09 7.26 0.13 21.16 0.12  538.9  31.3  0.51 0.02 False  gr   DECALS         
dw1118p1233     NGC3627 169.6759  12.5614 17.07 0.09 16.48 0.09 -13.04 0.09 -13.38 0.09 7.49 0.13 22.50 0.12  521.0  31.8  0.28 0.03 True   gr   DECALS         
dw1123p1342     NGC3627 170.8060  13.7141 17.55 0.09 17.49 0.10 -12.55 0.09 -12.60 0.10 6.36 0.13 25.91 0.12 1557.2 102.0  0.50 0.03 False  gr   DECALS         
dw1120p1332     NGC3627 170.0666  13.5488 17.91 0.10 17.40 0.10 -12.19 0.10 -12.49 0.10 7.02 0.13 23.78 0.13  667.0  46.7  0.54 0.03 True   gr   DECALS         
dw1118p1348     NGC3627 169.7234  13.8054 18.86 0.11 18.39 0.11 -11.24 0.11 -11.52 0.11 6.56 0.13 25.58 0.15  654.2  56.9  0.22 0.04 True   gr   DECALS         
dw1121p1326     NGC3627 170.4037  13.4471 19.43 0.12 18.80 0.11 -10.67 0.12 -11.05 0.13 6.64 0.14 24.94 0.17  502.2  51.2  0.36 0.06 True   gr   DECALS         
dw1050p1316     NGC3379 162.5791  13.2719 14.94 0.09 14.33 0.09 -15.21 0.09 -15.56 0.09 8.39 0.13 21.71 0.11 1126.8  56.7  0.08 0.02 True   gr   DECALS         
dw1048p1408     NGC3379 162.2240  14.1245 15.29 0.09 14.66 0.09 -14.85 0.09 -15.23 0.09 8.30 0.13 20.86 0.11  674.2  34.8  0.28 0.02 True   gr   DECALS         
dw1042p1220     NGC3379 160.5015  12.3351 15.39 0.09 14.97 0.09 -14.75 0.09 -15.00 0.09 7.88 0.13 21.10 0.11 1063.1  54.9  0.65 0.02 False  gr   DECALS         
dw1044p1356     NGC3379 161.1471  13.9396 16.03 0.09 15.51 0.09 -14.12 0.09 -14.42 0.09 7.79 0.13 21.85 0.11  696.6  37.7  0.29 0.02 True?  gr   DECALS         
dw1051p1250     NGC3379 162.8378  12.8490 16.18 0.09 15.59 0.09 -13.97 0.09 -14.31 0.09 7.86 0.13 22.41 0.11  863.3  47.3  0.21 0.02 True   gr   DECALS         
dw1051p1320     NGC3379 162.7563  13.3336 16.27 0.09 15.66 0.09 -13.87 0.09 -14.23 0.09 7.87 0.13 22.61 0.11  983.4  52.6  0.35 0.02 True   gr   DECALS         
dw1046p1219     NGC3379 161.6722  12.3270 16.60 0.09 15.97 0.09 -13.54 0.09 -13.92 0.09 7.78 0.13 22.83 0.11  799.1  46.6  0.29 0.02 True   gr   DECALS         
dw1050p1221     NGC3379 162.6132  12.3598 16.87 0.09 16.26 0.09 -13.28 0.09 -13.64 0.09 7.63 0.13 24.64 0.12 1509.8  88.0  0.32 0.03 True   gr   DECALS         
dw1042p1208     NGC3379 160.6431  12.1509 17.00 0.09 16.38 0.09 -13.15 0.09 -13.51 0.09 7.59 0.13 24.68 0.12 1247.9  75.1  0.13 0.03 True   gr   DECALS         
dw1046p1401     NGC3379 161.6027  14.0242 17.05 0.09 16.46 0.09 -13.10 0.09 -13.44 0.09 7.51 0.13 23.97 0.12  834.0  50.7  0.07 0.03 True   gr   DECALS         
dw1046p1259     NGC3379 161.7393  12.9984 17.09 0.09 16.48 0.09 -13.06 0.09 -13.42 0.09 7.54 0.13 24.51 0.12 1145.5  69.8  0.11 0.03 True   gr   DECALS         
dw1044p1154     NGC3379 161.2394  11.9162 17.37 0.09 17.08 0.10 -12.77 0.09 -12.95 0.10 6.86 0.13 22.57 0.12  565.8  36.0  0.50 0.03 False  gr   DECALS         
dw1046p1244     NGC3379 161.7204  12.7421 17.86 0.10 17.45 0.10 -12.29 0.10 -12.53 0.10 6.88 0.13 25.10 0.13 1616.1 112.0  0.41 0.03 False  gr   DECALS         
dw1046p1145     NGC3379 161.6260  11.7557 17.94 0.10 17.31 0.10 -12.21 0.10 -12.57 0.10 7.23 0.13 24.29 0.13  676.1  42.6  0.09 0.03 True   gr   DECALS         
dw1046p1247     NGC3379 161.7275  12.7886 18.40 0.10 17.77 0.10 -11.75 0.10 -12.12 0.11 7.05 0.13 23.86 0.14  504.6  39.2  0.31 0.04 True   gr   DECALS         
dw1046p1257     NGC3379 161.5590  12.9606 18.55 0.11 17.96 0.10 -11.60 0.11 -11.94 0.11 6.91 0.13 24.31 0.14  478.8  38.5  0.15 0.04 True   gr   DECALS         
dw1047p1257     NGC3379 161.7525  12.9604 18.78 0.11 18.13 0.10 -11.37 0.11 -11.75 0.11 6.92 0.13 24.20 0.15  445.3  37.9  0.21 0.04 True   gr   DECALS         
dw1047p1248     NGC3379 161.8051  12.8022 18.67 0.11 18.27 0.11 -11.48 0.11 -11.71 0.11 6.53 0.13 25.48 0.14  823.8  68.3  0.28 0.04 True   gr   DECALS         
dw1049p1233     NGC3379 162.3580  12.5525 19.09 0.11 18.47 0.11 -11.06 0.11 -11.42 0.12 6.75 0.14 25.21 0.16  586.1  55.0  0.10 0.05 True   gr   DECALS         
dw1048p1158     NGC3379 162.0547  11.9684 19.35 0.12 18.76 0.11 -10.79 0.12 -11.14 0.12 6.61 0.14 24.66 0.17  497.7  49.1  0.45 0.05 True   gr   DECALS         
dw1048p1303     NGC3379 162.1492  13.0598 19.43 0.12 19.05 0.12 -10.71 0.12 -10.94 0.12 6.20 0.15 25.94 0.16  579.2  60.1  0.17 0.05 True   gr   DECALS         
dw1047p1258     NGC3379 161.9255  12.9754 19.59 0.12 18.93 0.12 -10.56 0.12 -10.95 0.12 6.63 0.15 25.44 0.17  438.9  48.7  0.10 0.05 True   gr   DECALS         
dw1044p1351     NGC3379 161.1588  13.8591 19.47 0.12 18.96 0.12 -10.68 0.12 -10.97 0.13 6.40 0.15 24.64 0.17  351.0  36.2  0.19 0.06 True   gr   DECALS         
dw1047p1202     NGC3379 161.9190  12.0487 19.57 0.12 19.01 0.12 -10.58 0.12 -10.91 0.13 6.46 0.15 25.65 0.17  578.2  62.4  0.14 0.06 True   gr   DECALS         
dw1049p1247     NGC3379 162.2977  12.7925 19.50 0.12 19.11 0.12 -10.65 0.12 -10.87 0.13 6.17 0.14 24.52 0.17  436.9  45.5  0.50 0.06 True   gr   DECALS         
dw1044p1351b    NGC3379 161.1602  13.8557 19.76 0.13 19.29 0.13 -10.39 0.13 -10.66 0.13 6.20 0.14 25.21 0.19  384.1  43.3  0.25 0.06 True   gr   DECALS         
dw1050p1236     NGC3379 162.6486  12.6093 20.20 0.15 19.75 0.14  -9.94 0.15 -10.21 0.15 6.01 0.16 24.59 0.21  552.3  72.0  0.61 0.08 True   gr   DECALS         
dw1048p1154     NGC3379 162.1039  11.9123 19.34 0.15 18.84 0.15 -10.80 0.15 -11.10 0.16 6.45 0.14 23.51 0.23 1284.0  51.4  0.38 0.09 True   gr   DECALS         
dw1050p1213     NGC3379 162.6004  12.2182 20.89 0.18 20.41 0.18  -9.25 0.18  -9.53 0.19 5.78 0.20 24.85 0.27  257.8  42.9  0.52 0.11 True   gr   DECALS         
DDO82           M81     157.6524  70.6183 12.90 0.08 12.32 0.09 -14.88 0.08 -15.22 0.09 8.21 0.13 21.62 0.11 1055.6  50.4  0.43 0.02 False  gr   DECALS         
KDG61           M81     149.2612  68.5917 14.95 0.09 14.30 0.09 -12.84 0.09 -13.22 0.09 7.52 0.13 23.74 0.11 1001.5  50.4  0.46 0.02 True   gr   DECALS         
BK5N            M81     151.1679  68.2556 16.87 0.09 16.28 0.09 -10.91 0.09 -11.26 0.09 6.65 0.13 24.73 0.12  456.6  27.0  0.34 0.02 True   gr   DECALS         
IKN             M81     152.0246  68.3992 14.07 0.09 13.54 0.09 -13.71 0.09 -14.03 0.09 7.67 0.12 23.69 0.11 1144.9  55.9  0.26 0.02 True   gr   DECALS       y 
FM1             M81     146.2917  68.7650 15.90 0.09 15.23 0.09 -11.89 0.09 -12.28 0.09 7.17 0.13 24.49 0.11  749.4  40.1  0.27 0.02 True   gr   DECALS         
KDG64           M81     151.7579  67.8275 14.77 0.09 14.11 0.09 -13.02 0.09 -13.40 0.09 7.60 0.12 23.15 0.11  956.5  47.8  0.53 0.02 True   gr   DECALS         
F8D1            M81     146.1962  67.4386 16.42 0.09 15.88 0.09 -11.37 0.09 -11.68 0.09 6.73 0.13 26.22 0.11 1019.7  57.2  0.30 0.02 True   gr   DECALS       y 
KK77            M81     147.5417  67.5067 15.18 0.09 14.41 0.09 -12.61 0.09 -13.06 0.09 7.63 0.13 24.25 0.11  954.2  48.6  0.36 0.02 True   gr   DECALS         
KDG63           M81     151.2804  66.5550 15.01 0.09 14.35 0.09 -12.78 0.09 -13.17 0.09 7.52 0.13 23.72 0.11  716.2  36.2  0.29 0.02 True   gr   DECALS         
d0958p66        M81     149.7021  66.8497 15.42 0.09 15.03 0.09 -12.37 0.09 -12.59 0.09 6.87 0.13 21.56 0.11  228.8  11.8  0.43 0.02 False  gr   DECALS         
ddo78           M81     156.6163  67.6567 13.87 0.09 13.25 0.09 -13.92 0.09 -14.28 0.09 7.89 0.13 24.26 0.11 1395.9  67.8  0.16 0.02 True   gr   DECALS         
d1028p70        M81     157.1654  70.2336 15.53 0.09 15.19 0.09 -12.26 0.09 -12.46 0.09 6.74 0.13 21.74 0.11  303.0  15.8  0.27 0.02 False  gr   DECALS         
d0955p70        M81     148.8067  70.4081 18.39                  -9.40       -9.60 0.10 5.83 0.22 26.46 0.13  325.5  25.2  0.08 0.04 True   None CH09/CH13      
d1041p70        M81     160.3200  70.1508 18.89                  -8.90       -9.10 0.11 5.61 0.22 26.16 0.15  190.8  16.7  0.18 0.04 True   None CH09/CH13      
HS117           M81     155.3550  71.1161 16.47 0.09 15.87 0.09 -11.32 0.09 -11.67 0.09 6.82 0.13 24.37 0.11  558.7  31.5  0.51 0.02 True?  gr   DECALS         
d0944p71        M81     146.1433  71.4825 15.93 0.09 15.25 0.09 -11.85 0.09 -12.25 0.09 7.18 0.13 23.49 0.11  399.8  21.4  0.17 0.02 True   gr   DECALS         
d0926p70        M81     141.6163  70.5067 18.39                  -9.40       -9.60 0.10 5.83 0.22 25.73 0.13  250.3  19.4  0.18 0.04 False? None CH09/CH13      
Ho1             M81     145.1346  71.1864 13.46 0.09 13.13 0.09 -14.33 0.09 -14.53 0.09 7.55 0.13 24.08 0.11 1470.3  70.8  0.28 0.02 False  gr   DECALS         
d0934p70        M81     143.5154  70.2158 17.59 0.10 17.18 0.10 -10.20 0.10 -10.44 0.10 6.03 0.13 25.58 0.12  489.2  32.3  0.25 0.03 True   gr   DECALS         
KK189           CENA    198.1875 -41.8319 16.85 0.09 16.17 0.09 -10.97 0.09 -11.36 0.09 6.82 0.13 23.44 0.12  281.6  16.6  0.17 0.02 True   gr   DECAM          
ESO269-066      CENA    198.2875 -44.8900 13.81 0.09 13.15 0.09 -14.01 0.09 -14.39 0.09 8.00 0.13 22.55 0.11  749.0  36.3  0.27 0.02 True   gr   DECAM          
NGC5011C        CENA    198.2958 -43.2656 13.66 0.09 13.13 0.09 -14.16 0.09 -14.49 0.09 7.83 0.13 21.12 0.10  450.7  21.7            True   gr   M15/17         
KK196           CENA    200.4458 -45.0633 15.26 0.09 14.85 0.09 -12.56 0.09 -12.77 0.09 6.99 0.13 22.89 0.11  283.9  42.6            True   gr   M15/17         
KK197           CENA    200.5042 -42.5356 14.89 0.09 14.01 0.09 -12.93 0.09 -13.44 0.09 7.96 0.13 23.73 0.11  932.6  46.9  0.45 0.02 True   gr   DECAM          
KKs55           CENA    200.5500 -42.7308 15.97 0.09 15.31 0.09 -11.84 0.09 -12.23 0.09 7.14 0.13 24.83 0.11  579.0  31.2  0.00 0.02 True   gr   DECAM          
CenA-MM-Dw4     CENA    200.7583 -41.7861 18.50 0.10 17.80 0.10  -9.32 0.10  -9.72 0.11 6.19 0.13 25.38 0.14  306.9  24.4  0.43 0.04 True   gr   DECAM          
dw1323-40b      CENA    201.0000 -40.8367 18.52 0.11 17.92 0.10  -9.30 0.11  -9.65 0.11 6.02 0.13 25.54 0.14  432.2  34.5  0.63 0.04 True   gr   DECAM          
dw1323-40       CENA    201.2421 -40.7622 18.20 0.10 17.55 0.10  -9.62 0.10 -10.00 0.10 6.24 0.13 25.32 0.13  277.8  20.6  0.19 0.04 True   gr   DECAM          
CenA-MM-Dw6     CENA    201.4875 -41.0942            18.52 0.11              -9.10 0.20 5.61 0.22 25.40 0.30  276.8  10.6  0.25 0.05 True   gr   CR19           
CenA-MM-Dw7     CENA    201.6167 -43.5567            17.72 0.10              -9.90 0.30 5.96 0.22 25.90 0.40  532.3  53.2  0.41 0.03 True   gr   CR19           
CenA-MM-Dw1     CENA    202.5583 -41.8933 15.93 0.09 15.16 0.09 -11.89 0.09 -12.34 0.09 7.35 0.13 25.42 0.11  845.9  45.3  0.13 0.02 True   gr   DECAM          
CenA-MM-Dw3     CENA    202.5875 -42.1925            14.52 0.09             -13.10 0.09 7.34 0.22 26.00 0.40 2352.9 159.7  0.29 0.02 True   gr   CR19           
CenA-MM-Dw8     CENA    203.3917 -41.6078 17.42 0.09 16.75 0.10 -10.40 0.09 -10.79 0.10 6.58 0.13 26.18 0.12  615.3  39.4  0.32 0.03 True   gr   DECAM          
dw1336-44       CENA    204.2033 -43.8578 18.70 0.11 18.08 0.10  -9.12 0.11  -9.54 0.10 5.97 0.14 25.29 0.14  143.2  21.5            True   gr   M15/17         
dw0132p1422     NGC628   23.2485  14.3735 16.05 0.09 15.85 0.09 -13.90 0.09 -14.02 0.09 7.14 0.13 22.02 0.11  715.4  38.7  0.70 0.02 False  gr   DECALS         
dw0133p1543     NGC628   23.4842  15.7314 19.94 0.14 19.38 0.13 -10.01 0.14 -10.34 0.14 6.22 0.16 23.93 0.20  214.4  25.6  0.39 0.07 True   gr   DECALS         
dw0134p1544     NGC628   23.5537  15.7463 17.57 0.10 17.07 0.10 -12.38 0.10 -12.68 0.10 7.07 0.13 24.00 0.12 1078.1  65.9  0.28 0.03 True   gr   DECALS         
dw0134p1438     NGC628   23.6742  14.6440 17.06 0.09 16.86 0.10 -12.89 0.09 -13.01 0.09 6.73 0.13 21.73 0.12  497.9  30.2  0.54 0.03 False  gr   DECALS         
dw0136p1628     NGC628   24.0842  16.4701 17.75 0.10 17.19 0.10 -12.20 0.10 -12.52 0.10 7.10 0.13 22.50 0.13  336.7  22.6  0.36 0.03 True   gr   DECALS         
dw0137p1537     NGC628   24.3235  15.6329 17.86 0.10 17.24 0.10 -12.09 0.10 -12.45 0.10 7.17 0.13 22.59 0.13  380.2  26.4  0.34 0.03 True   gr   DECALS         
dw0138p1458     NGC628   24.5023  14.9825 16.98 0.09 16.61 0.09 -12.97 0.09 -13.19 0.09 7.07 0.13 22.42 0.12  349.5  21.0  0.16 0.03 False  gr   DECALS         
dw0137p1607     NGC628   24.4157  16.1322 20.20 0.14 19.57 0.13  -9.75 0.14 -10.12 0.15 6.24 0.16 25.96 0.21  489.2  64.2  0.35 0.08 True   gr   DECALS         
dw0139p1433     NGC628   24.9612  14.5563 17.89 0.10 17.59 0.10 -12.06 0.10 -12.24 0.10 6.59 0.13 22.25 0.13  258.9  18.1  0.24 0.03 False  gr   DECALS         
dw0139p1553     NGC628   24.9365  15.8993 15.71 0.09 15.45 0.09 -14.24 0.09 -14.40 0.09 7.38 0.12 22.36 0.11  840.5  44.3  0.41 0.02 False  gr   DECALS         
dw0140p1556     NGC628   25.0396  15.9395 18.64 0.11 18.47 0.11 -11.31 0.11 -11.41 0.11 6.05 0.13 24.03 0.14  449.5  36.9  0.21 0.04 False  gr   DECALS         
dw0140p1554     NGC628   25.0435  15.9060 14.24 0.09 13.86 0.09 -15.71 0.09 -15.93 0.09 8.17 0.12 23.44 0.11 2350.7 115.3  0.32 0.02 False  gr   DECALS         
dw0143p1541     NGC628   25.9010  15.6938 15.75 0.09 15.35 0.09 -14.20 0.09 -14.44 0.09 7.62 0.13 24.46 0.11 1437.6  76.0  0.19 0.02 False  gr   DECALS         
dw1001m0814     NGC3115 150.4091  -8.2487 14.82 0.09 14.42 0.09 -15.22 0.09 -15.46 0.09 8.03 0.13 21.72 0.11 1422.4  71.3  0.68 0.02 False  gr   DECALS         
dw1005m0744     NGC3115 151.3961  -7.7498 15.73 0.09 15.13 0.09 -14.32 0.09 -14.67 0.09 8.02 0.13 23.04 0.11 1150.0  60.4  0.39 0.02 True   gr   DECALS         
dw1000m0821     NGC3115 150.0436  -8.3574 15.87 0.09 15.29 0.09 -14.18 0.09 -14.51 0.09 7.91 0.12 21.87 0.11  957.7  50.9  0.41 0.02 True   gr   DECALS         
dw1001m0631     NGC3115 150.3901  -6.5248 15.70 0.09 15.37 0.09 -14.35 0.09 -14.54 0.09 7.55 0.13 22.72 0.11  911.4  48.0  0.24 0.02 False  gr   DECALS         
dw1000m0741     NGC3115 150.0039  -7.6876 17.46 0.09 16.87 0.10 -12.59 0.09 -12.93 0.10 7.31 0.13 23.53 0.12  611.5  40.1  0.22 0.03 True   gr   DECALS         
dw1007m0715     NGC3115 151.8343  -7.2631 17.36 0.09 16.82 0.10 -12.69 0.09 -13.00 0.10 7.25 0.13 23.41 0.12  722.5  45.2  0.19 0.03 True   gr   DECALS         
dw1006m0730     NGC3115 151.5528  -7.5001 18.43 0.10 17.82 0.10 -11.62 0.10 -11.97 0.11 6.96 0.13 23.45 0.14  396.8  30.8  0.25 0.04 True   gr   DECALS         
dw1004m0657     NGC3115 151.1575  -6.9583 19.10 0.12 18.53 0.12 -10.94 0.12 -11.28 0.13 6.63 0.14 25.63 0.17  713.9  71.9  0.10 0.06 True   gr   DECALS         
dw1004m0737     NGC3115 150.9944  -7.6404 18.92 0.11 18.42 0.11 -11.12 0.11 -11.42 0.11 6.57 0.14 25.92 0.14  979.4  89.3  0.47 0.04 True   gr   DECALS         
dw1006m0732     NGC3115 151.6109  -7.5490 19.17 0.12 18.63 0.11 -10.87 0.12 -11.19 0.12 6.54 0.14 24.70 0.16  436.6  41.2  0.17 0.05 True   gr   DECALS         
dw1006m0730-n2  NGC3115 151.6403  -7.5096 19.49 0.12 18.95 0.11 -10.55 0.12 -10.87 0.12 6.41 0.14 24.79 0.17  545.8  63.8  0.32 0.05 True   gr   DECALS         
dw1007m0830     NGC3115 151.9466  -8.5043 19.89 0.13 19.42 0.13 -10.15 0.13 -10.43 0.14 6.12 0.15 24.54 0.19  393.1  46.1  0.53 0.07 True   gr   DECALS         
dw1000m0831     NGC3115 150.2290  -8.5305 20.30 0.15 19.77 0.14  -9.75 0.15 -10.05 0.15 6.05 0.16 25.02 0.21  418.8  62.6  0.41 0.08 True   gr   DECALS         
dw1002m0642     NGC3115 150.6567  -6.7078 21.00 0.19 20.54 0.19  -9.04 0.19  -9.31 0.19 5.66 0.21 25.98 0.29  324.4  54.8  0.37 0.12 True   gr   DECALS         
dw1335-29       NGC5236 203.9417 -29.7067 18.68 0.11 18.24 0.11  -9.68 0.11  -9.94 0.11 5.88 0.13 26.33 0.14  566.3  47.0  0.42 0.04 True   gr   DECAM          
dw1340-30       NGC5236 205.0792 -30.3597 19.12 0.12 18.07 0.10  -9.24 0.12  -9.64 0.12 6.22 0.13 26.22 0.16  335.7  31.3  0.00 0.05 True   gi   DECAM          
KK200           NGC5236 201.1500 -30.9717 15.62 0.09 15.25 0.09 -12.74 0.09 -12.95 0.09 6.97 0.13 22.50 0.11  371.7  19.5  0.24 0.02 False  gr   DECAM          
IC4247          NGC5236 201.6875 -30.3625 14.02 0.09 13.77 0.09 -14.34 0.09 -14.49 0.09 7.40 0.13 20.28 0.11  488.0  23.8  0.63 0.02 False  gr   DECAM          
ESO444-84       NGC5236 204.3333 -28.0442 14.71 0.09 14.50 0.09 -13.65 0.09 -13.77 0.09 7.06 0.12 22.72 0.11  542.4  27.0  0.20 0.02 False  gr   DECAM          
IC4316          NGC5236 205.0750 -28.8947 13.68 0.09 13.27 0.09 -14.68 0.09 -14.92 0.09 7.83 0.13 20.57 0.11  907.8  43.9  0.37 0.02 False  gr   DECAM          
ESO444-78       NGC5236 204.1292 -29.2342 15.10 0.09 14.74 0.09 -13.26 0.09 -13.48 0.09 7.18 0.13 22.39 0.11  606.0  30.8  0.55 0.02 False  gr   DECAM          
KK208           NGC5236 204.1500 -29.5708 15.15 0.09 14.60 0.09 -13.21 0.09 -13.53 0.09 7.50 0.13 26.21 0.11 4074.5 207.4  0.78 0.02 True   gr   DECAM        y 
NGC5264         NGC5236 205.4042 -29.9131 12.26 0.08 11.81 0.09 -16.10 0.08 -16.36 0.09 8.45 0.12 20.75 0.11 1051.0  49.9  0.33 0.02 False  gr   DECAM          
KK218           NGC5236 206.6667 -29.9781 17.87 0.10 17.12 0.10 -10.49 0.10 -10.93 0.10 6.76 0.13 24.49 0.13  328.1  22.8  0.33 0.03 True   gr   DECAM          
HIJ1337-33      NGC5236 204.2542 -33.3631 17.39 0.09 17.31 0.10 -10.97 0.09 -11.02 0.10 5.75 0.13 21.84 0.12  119.4   7.6  0.20 0.03 False  gr   DECAM          
