Title: SAGAbg III: Environmental Stellar Mass Functions, Self-Quenching, and 
       the Stellar-to-Halo Mass Relation in the Dwarf Galaxy Regime
Authors: Kado-Fong E., Mao Y.-Y., Asali Y., Geha M., Wechsler R.H., 
         de los Reyes M.A.C., Wang Y., Nadler E.O., Kallivayalil N., 
         Tollerud E.J., Weiner B.
Table: Galaxy Stellar Mass Functions by Environment
================================================================================
Byte-by-byte Description of file: apjae102dt5_mrt.txt
--------------------------------------------------------------------------------
   Bytes Format Units       Label       Explanations
--------------------------------------------------------------------------------
   1-  5 F5.2   [solMass]   log(M*min)  Lower bound of stellar mass bin
   7- 11 F5.2   [solMass]   log(M*max)  Upper bound of stellar mass bin
  13- 21 E9.3   dex-1.Mpc-3 SMF05       5th percentile of stellar mass function (1)
  23- 31 E9.3   dex-1.Mpc-3 SMF16       16th percentile of stellar mass function (1)
  33- 41 E9.3   dex-1.Mpc-3 SMF50       50th percentile of stellar mass function (1)
  43- 51 E9.3   dex-1.Mpc-3 SMF84       84th percentile of stellar mass function (1)
  53- 61 E9.3   dex-1.Mpc-3 SMF95       95th percentile of stellar mass function (1)
  63- 71 A9     ---         Env         SMF environment classification (2)
--------------------------------------------------------------------------------
Note (1): SMF values represent dn/dlog10(M*). Percentiles (5, 16, 50, 84, 95) 
          show uncertainty distribution.
Note (2): 
          all = all galaxies;
    satellite = satellite galaxies;
        field = field (central) galaxies;
     isolated = isolated galaxies.
--------------------------------------------------------------------------------
 6.71  7.05 2.655e-02 3.754e-02 5.340e-02 7.301e-02 9.474e-02 all       
 7.05  7.20 4.753e-02 6.748e-02 9.378e-02 1.285e-01 1.665e-01 all       
 7.20  7.30 2.775e-02 3.950e-02 5.413e-02 7.401e-02 9.604e-02 all       
 7.30  7.40 1.785e-02 2.387e-02 4.030e-02 5.370e-02 6.829e-02 all       
 7.40  7.50 3.074e-02 3.842e-02 4.946e-02 6.167e-02 7.431e-02 all       
 7.50  7.60 1.681e-02 2.116e-02 2.733e-02 3.420e-02 4.142e-02 all       
 7.60  7.70 2.115e-02 2.559e-02 3.082e-02 3.695e-02 4.340e-02 all       
 7.70  7.80 2.439e-02 2.867e-02 3.516e-02 4.172e-02 4.823e-02 all       
 7.80  7.90 2.969e-02 3.345e-02 3.835e-02 4.333e-02 4.840e-02 all       
 7.90  8.00 3.645e-02 3.982e-02 4.536e-02 5.025e-02 5.492e-02 all       
 8.00  8.10 2.903e-02 3.167e-02 3.538e-02 3.883e-02 4.231e-02 all       
 8.10  8.20 2.779e-02 2.995e-02 3.329e-02 3.630e-02 3.914e-02 all       
 8.20  8.30 2.715e-02 2.936e-02 3.180e-02 3.439e-02 3.699e-02 all       
 8.30  8.40 2.538e-02 2.726e-02 2.959e-02 3.187e-02 3.417e-02 all       
 8.40  8.50 2.620e-02 2.818e-02 3.040e-02 3.273e-02 3.505e-02 all       
 8.50  8.60 2.105e-02 2.270e-02 2.471e-02 2.671e-02 2.872e-02 all       
 8.60  8.70 2.091e-02 2.255e-02 2.452e-02 2.650e-02 2.849e-02 all       
 8.70  8.80 1.305e-02 1.424e-02 1.601e-02 1.759e-02 1.920e-02 all       
 8.80  8.90 1.763e-02 1.913e-02 2.085e-02 2.265e-02 2.446e-02 all       
 8.90  9.00 1.298e-02 1.424e-02 1.575e-02 1.730e-02 1.887e-02 all       
 9.00  9.10 1.288e-02 1.413e-02 1.559e-02 1.711e-02 1.866e-02 all       
 9.10  9.20 1.274e-02 1.378e-02 1.574e-02 1.726e-02 1.879e-02 all       
 9.20  9.30 1.043e-02 1.152e-02 1.290e-02 1.429e-02 1.570e-02 all       
 9.30  9.40 8.257e-03 9.197e-03 1.050e-02 1.175e-02 1.303e-02 all       
 9.40  9.50 8.695e-03 9.687e-03 1.088e-02 1.213e-02 1.340e-02 all       
 9.50  9.60 7.579e-03 8.376e-03 9.872e-03 1.106e-02 1.228e-02 all       
 9.60  9.70 6.714e-03 7.487e-03 8.785e-03 9.902e-03 1.105e-02 all       
 9.70  9.80 8.154e-03 9.036e-03 1.038e-02 1.159e-02 1.283e-02 all       
 9.80  9.90 6.294e-03 7.128e-03 8.148e-03 9.226e-03 1.033e-02 all       
 9.90 10.00 6.496e-03 7.306e-03 8.417e-03 9.504e-03 1.062e-02 all       
10.00 10.10 4.541e-03 5.208e-03 6.148e-03 7.075e-03 8.035e-03 all       
10.10 10.20 3.659e-03 4.206e-03 5.253e-03 6.122e-03 7.028e-03 all       
10.20 10.30 3.297e-03 3.857e-03 4.704e-03 5.526e-03 6.385e-03 all       
10.30 10.40 3.557e-03 4.070e-03 5.180e-03 6.038e-03 6.931e-03 all       
10.40 10.50 4.696e-03 5.334e-03 6.415e-03 7.363e-03 8.343e-03 all       
10.50 10.60 3.537e-03 3.951e-03 5.628e-03 6.527e-03 7.459e-03 all       
10.60 10.70 2.540e-03 2.856e-03 4.637e-03 5.448e-03 6.295e-03 all       
10.70 10.80 2.987e-03 3.497e-03 4.350e-03 5.133e-03 5.952e-03 all       
10.80 10.90 1.614e-03 1.949e-03 2.795e-03 3.437e-03 4.121e-03 all       
10.90 11.00 1.603e-03 1.911e-03 2.901e-03 3.552e-03 4.244e-03 all       
11.00 11.10 7.436e-04 9.509e-04 1.808e-03 2.335e-03 2.907e-03 all       
11.10 11.30 3.497e-04 4.489e-04 9.246e-04 1.194e-03 1.487e-03 all       
 7.00  7.47 1.499e-02 2.128e-02 2.952e-02 4.045e-02 5.241e-02 satellite 
 7.47  7.66 3.796e-03 5.356e-03 7.713e-03 1.059e-02 1.371e-02 satellite 
 7.66  7.76 7.800e-03 1.032e-02 1.342e-02 1.734e-02 2.158e-02 satellite 
 7.76  7.86 6.495e-03 8.370e-03 1.060e-02 1.339e-02 1.639e-02 satellite 
 7.86  7.96 7.984e-03 9.468e-03 1.250e-02 1.506e-02 1.771e-02 satellite 
 7.96  8.06 8.156e-03 9.752e-03 1.160e-02 1.375e-02 1.601e-02 satellite 
 8.06  8.16 7.646e-03 8.964e-03 1.139e-02 1.366e-02 1.580e-02 satellite 
 8.16  8.26 8.087e-03 9.447e-03 1.100e-02 1.279e-02 1.463e-02 satellite 
 8.26  8.36 9.049e-03 1.030e-02 1.170e-02 1.328e-02 1.490e-02 satellite 
 8.36  8.46 1.098e-02 1.224e-02 1.401e-02 1.569e-02 1.741e-02 satellite 
 8.46  8.56 8.534e-03 9.668e-03 1.093e-02 1.234e-02 1.379e-02 satellite 
 8.56  8.66 9.669e-03 1.086e-02 1.220e-02 1.368e-02 1.519e-02 satellite 
 8.66  8.76 7.125e-03 8.078e-03 9.244e-03 1.048e-02 1.174e-02 satellite 
 8.76  8.86 7.693e-03 8.721e-03 9.947e-03 1.126e-02 1.261e-02 satellite 
 8.86  8.96 6.732e-03 7.675e-03 8.727e-03 9.912e-03 1.113e-02 satellite 
 8.96  9.06 5.347e-03 6.187e-03 7.164e-03 8.257e-03 9.389e-03 satellite 
 9.06  9.16 6.733e-03 7.499e-03 8.913e-03 1.006e-02 1.125e-02 satellite 
 9.16  9.26 4.982e-03 5.778e-03 6.727e-03 7.777e-03 8.864e-03 satellite 
 9.26  9.36 3.647e-03 4.244e-03 5.276e-03 6.198e-03 7.161e-03 satellite 
 9.36  9.46 2.644e-03 3.212e-03 3.879e-03 4.664e-03 5.492e-03 satellite 
 9.46  9.56 3.478e-03 4.124e-03 4.872e-03 5.736e-03 6.639e-03 satellite 
 9.56  9.66 2.635e-03 3.135e-03 4.000e-03 4.795e-03 5.632e-03 satellite 
 9.66  9.76 3.682e-03 4.234e-03 5.276e-03 6.150e-03 7.060e-03 satellite 
 9.76  9.86 4.495e-03 5.226e-03 6.084e-03 7.045e-03 8.040e-03 satellite 
 9.86  9.96 2.518e-03 3.043e-03 3.734e-03 4.489e-03 5.286e-03 satellite 
 9.96 10.06 8.641e-04 1.162e-03 1.588e-03 2.089e-03 2.637e-03 satellite 
 6.71  7.12 1.943e-02 2.743e-02 3.941e-02 5.389e-02 6.992e-02 field     
 7.12  7.26 2.237e-02 3.180e-02 4.394e-02 6.008e-02 7.795e-02 field     
 7.26  7.39 1.323e-02 1.847e-02 2.971e-02 4.067e-02 5.274e-02 field     
 7.39  7.49 2.187e-02 2.776e-02 3.938e-02 5.009e-02 6.163e-02 field     
 7.49  7.59 1.786e-02 2.328e-02 3.223e-02 4.193e-02 5.197e-02 field     
 7.59  7.69 1.477e-02 1.820e-02 2.290e-02 2.805e-02 3.351e-02 field     
 7.69  7.79 1.897e-02 2.301e-02 2.933e-02 3.587e-02 4.243e-02 field     
 7.79  7.89 1.567e-02 1.854e-02 2.204e-02 2.597e-02 3.005e-02 field     
 7.89  7.99 2.497e-02 2.781e-02 3.280e-02 3.718e-02 4.135e-02 field     
 7.99  8.09 1.779e-02 1.987e-02 2.296e-02 2.583e-02 2.875e-02 field     
 8.09  8.19 1.849e-02 2.026e-02 2.284e-02 2.522e-02 2.759e-02 field     
 8.19  8.29 1.562e-02 1.721e-02 1.904e-02 2.099e-02 2.295e-02 field     
 8.29  8.39 1.624e-02 1.778e-02 1.947e-02 2.129e-02 2.314e-02 field     
 8.39  8.49 1.119e-02 1.242e-02 1.389e-02 1.543e-02 1.699e-02 field     
 8.49  8.59 1.391e-02 1.523e-02 1.694e-02 1.861e-02 2.030e-02 field     
 8.59  8.69 1.002e-02 1.109e-02 1.252e-02 1.392e-02 1.533e-02 field     
 8.69  8.79 5.222e-03 5.961e-03 7.095e-03 8.154e-03 9.249e-03 field     
 8.79  8.89 8.542e-03 9.511e-03 1.087e-02 1.216e-02 1.349e-02 field     
 8.89  8.99 6.653e-03 7.524e-03 8.669e-03 9.826e-03 1.101e-02 field     
 8.99  9.09 6.793e-03 7.693e-03 8.761e-03 9.911e-03 1.109e-02 field     
 9.09  9.19 5.432e-03 6.237e-03 7.178e-03 8.217e-03 9.290e-03 field     
 9.19  9.29 4.822e-03 5.430e-03 6.755e-03 7.754e-03 8.785e-03 field     
 9.29  9.39 3.454e-03 4.058e-03 4.930e-03 5.805e-03 6.719e-03 field     
 9.39  9.49 5.088e-03 5.845e-03 6.787e-03 7.791e-03 8.827e-03 field     
 9.49  9.59 4.624e-03 5.224e-03 6.461e-03 7.426e-03 8.423e-03 field     
 9.59  9.69 2.940e-03 3.428e-03 4.398e-03 5.201e-03 6.043e-03 field     
 9.69  9.79 2.818e-03 3.312e-03 4.166e-03 4.939e-03 5.750e-03 field     
 9.79  9.89 2.583e-03 3.108e-03 3.811e-03 4.569e-03 5.366e-03 field     
 9.89 10.00 2.480e-03 2.948e-03 3.660e-03 4.362e-03 5.100e-03 field     
 6.92  7.34 6.352e-03 8.866e-03 1.431e-02 1.957e-02 2.539e-02 isolated  
 7.34  7.44 1.175e-02 1.643e-02 3.113e-02 4.262e-02 5.526e-02 isolated  
 7.44  7.54 1.554e-02 2.106e-02 3.024e-02 4.053e-02 5.135e-02 isolated  
 7.54  7.64 1.021e-02 1.343e-02 1.789e-02 2.311e-02 2.877e-02 isolated  
 7.64  7.74 1.180e-02 1.491e-02 2.052e-02 2.620e-02 3.187e-02 isolated  
 7.74  7.84 5.522e-03 7.488e-03 9.869e-03 1.299e-02 1.640e-02 isolated  
 7.84  7.94 1.622e-02 1.896e-02 2.274e-02 2.663e-02 3.065e-02 isolated  
 7.94  8.04 1.244e-02 1.444e-02 1.668e-02 1.926e-02 2.192e-02 isolated  
 8.04  8.14 1.111e-02 1.247e-02 1.511e-02 1.724e-02 1.940e-02 isolated  
 8.14  8.24 8.872e-03 1.004e-02 1.160e-02 1.316e-02 1.476e-02 isolated  
 8.24  8.34 9.917e-03 1.122e-02 1.272e-02 1.437e-02 1.605e-02 isolated  
 8.34  8.44 6.456e-03 7.402e-03 8.472e-03 9.678e-03 1.092e-02 isolated  
 8.44  8.54 7.352e-03 8.277e-03 9.543e-03 1.079e-02 1.206e-02 isolated  
 8.54  8.64 5.455e-03 6.222e-03 7.380e-03 8.479e-03 9.602e-03 isolated  
 8.64  8.74 3.269e-03 3.915e-03 4.683e-03 5.567e-03 6.494e-03 isolated  
 8.74  8.84 3.870e-03 4.424e-03 5.659e-03 6.597e-03 7.572e-03 isolated  
 8.84  8.94 3.537e-03 4.206e-03 4.978e-03 5.874e-03 6.812e-03 isolated  
 8.94  9.04 2.101e-03 2.608e-03 3.206e-03 3.925e-03 4.690e-03 isolated  
 9.04  9.14 3.363e-03 3.993e-03 4.746e-03 5.600e-03 6.494e-03 isolated  
 9.14  9.24 3.220e-03 3.702e-03 4.942e-03 5.818e-03 6.734e-03 isolated  
 9.24  9.34 1.579e-03 1.971e-03 2.639e-03 3.294e-03 3.996e-03 isolated  
 9.34  9.44 2.309e-03 2.812e-03 3.473e-03 4.204e-03 4.976e-03 isolated  
 9.44  9.54 2.732e-03 3.182e-03 4.248e-03 5.050e-03 5.891e-03 isolated  
 9.54  9.64 1.476e-03 1.797e-03 2.687e-03 3.337e-03 4.030e-03 isolated  
 9.64  9.74 1.236e-03 1.589e-03 2.112e-03 2.686e-03 3.305e-03 isolated  
 9.74  9.84 9.993e-04 1.270e-03 1.947e-03 2.494e-03 3.087e-03 isolated  
 9.84 10.00 1.314e-03 1.610e-03 2.019e-03 2.463e-03 2.933e-03 isolated  
