39627392238491064
39627484848720971
39627514519224659
39627592977877721
39627599143501933
39627678751392623
39627715581578169
39627757621087007
39627760284473918
39627793348170704
39627799203418992
39627883991269971
39627889808771880
39628147238374883
39628296387823350
39628451505768457
39632936751862199
39633000945683846
39633090536014300
39633259813930361
39633332190841364
39633332257950129
39633368224105141
39633416961918937
39633470045031379
39636205393943172
39627374551107118
39627432415727760
39627691397221179
39633248191513652
39633386431578771
39627706828069799
39627746032224324
39627763623133248
39627769671320014
39627782237455889
39627782325536686
39627788373726454
39627902911778508
39632951364812918
39632956381204281
39632966401393728
39627715581576842
39628477766304196
39633445713872801
39627805201271100
39628507352927294
39633186623328104
39627706878398036
39627758111820745
