Title: Ly{alpha} profile, dust, and prediction of Ly{alpha} escape fraction 
       in Green Pea Galaxies 
Authors: Yang H., Malhotra S., Gronke M., Rhoads J.E., Leitherer C., 
         Wofford A., Jiang T., Dijkstra M., Tilvi V., Wang J. 
Table: The line measurements from SDSS spectra
================================================================================
Byte-by-byte Description of file: apjaa7d4dt2_mrt.txt
--------------------------------------------------------------------------------
   Bytes Format Units              Label         Explanations
--------------------------------------------------------------------------------
   1-  9 A9     ---                Name          Galaxy name
  11- 14 I4     10-17mW/m2         [OII]3727     Flux, [OII]3727
  16- 17 I2     10-17mW/m2       e_[OII]3727     Error, [OII]3727
  19- 23 F5.1   10-17mW/m2         [OIII]4363    Flux, [OIII]4363
  25- 27 F3.1   10-17mW/m2       e_[OIII]4363    Error, [OIII]4363
  29- 32 I4     10-17mW/m2         Hbeta         Flux, Hbeta
  34- 35 I2     10-17mW/m2       e_Hbeta         Error, Hbeta
  37- 40 I4     10-17mW/m2         [OIII]4959    Flux, [OIII]4959
  42- 43 I2     10-17mW/m2       e_[OIII]4959    Error, [OIII]4959
  45- 49 I5     10-17mW/m2         [OIII]5007    Flux, [OIII]5007
  51- 52 I2     10-17mW/m2       e_[OIII]5007    Error, [OIII]5007
  54- 57 I4     10-17mW/m2         Halpha        Flux, Halpha
  59- 60 I2     10-17mW/m2       e_Halpha        Error, Halpha
  62- 64 I3     0.1nm              EW(Halpha)    restframe equivalent width, Halpha
  66- 69 F4.1   ---                [OIII]/[OII]  Extinction corrected [OIII]/[OII] ratio (1)
--------------------------------------------------------------------------------
Note (1): Corrected using the Calzetti et al. (2000ApJ...533..682C) extinction law.
--------------------------------------------------------------------------------
1333+6246  115  5  13.6 2.7   58  4  129  2   390  6   78  4 538  4.5 
1559+0841  169  4   9.4 1.3  124 12  229  2   693  6  232 11 288  5.5 
1219+1526  467  8 108.8 4.9  776  9 1635  8  4953 25 2207 18 744 14.2 
1514+3852  270  5   9.2 3.1  139  3  248  2   751  6  327  6 232  3.7 
1503+3644  220  3  19.3 1.6  184  2  397  2  1203  7  534 21 921  7.1 
1442-0209  248  5  32.2 2.4  299  4  647  5  1960 14  988 13 858  9.0 
1133+6514  268  5  19.2 2.3  196  3  376  2  1138  7  592  6 263  5.3 
1249+1234  575  8  28.8 2.4  364  5  740  5  2242 14 1169 12 717  4.6 
1009+2916  139  4  22.0 2.3  173  4  382  3  1156  9  473 16 422 11.1 
0815+2156  293  5  56.4 3.3  462  5 1065  7  3227 22 1383 13 717 14.0 
1424+4217 1129 16 114.9 3.6 1119 11 2463 11  7459 33 3333 25 629  8.4 
0926+4428 1090 14  56.3 3.5  733  8 1318  7  3994 22 2314 18 437  4.4 
1152+3400  237  4  22.5 1.3  228  3  461  2  1397  7  756  5 497  6.7 
0021+0052 5172 29 127.8 6.7 2909 14 4275 12 12949 36 8855 32 320  3.1 
1122+6154  257  5  11.6 1.3  200  4  369  3  1118 10  667 10 495  4.9 
0925+1403  297  7  25.8 4.0  282  4  596  4  1806 11  960 10 633  6.7 
0911+1831  576 10  15.5 3.2  379  5  442  3  1340  9 1343 14 348  2.5 
0917+3152  300  5   6.2 2.3  210  3  244  1   739  4  760  7 250  2.5 
1137+3524 1519 17  51.1 2.7  941 10 1563  7  4733 21 2865 21 434  3.9 
1025+3622 1816 17  60.7 4.5 1038 10 1746 10  5289 31 3318 25 312  3.4 
1440+4619  895 11  19.5 3.0  441  5  637  4  1929 12 1513 14 325  2.4 
1429+0643 2245 23 152.3 6.8 1785 15 3503 15 10610 46 5524 37 686  5.8 
1054+5238 1068 13  32.5 3.3  661  7  982  6  2974 17 2068 16 304  3.4 
1428+1653 1574 17  19.6 3.0  706  8  733  4  2220 13 2511 20 261  1.5 
0303-0759  488  8  74.0 2.5  656  7 1301  8  3941 23 1963 18 608 10.3 
1244+0216 1252 12  64.1 3.3  853  7 1681  8  5091 25 2665 18 667  4.9 
2237+1336  733  9  19.3 2.7  376  4  587  4  1780 11 1291 12 353  2.6 
1454+4528  498  8   9.2 3.2  293  4  401  3  1215  8 1033 11 277  2.6 
1018+4106  292  5  28.5 1.9  263  3  539  3  1633 10  846  8 570  6.5 
0751+1638  216  6  10.7 3.6  115  3  187  2   567  5  401  7 299  2.8 
0822+2241 1063 11  54.0 3.1  781  6 1551  6  4699 19 2886 17 605  4.4 
1339+1516  602  8  61.4 3.2  667  7 1485  6  4499 18 2222 57 523  8.4 
1543+3446  185  6  15.4 2.3  194  5  343  4  1037 11  480  7 342  7.5 
0339-0725  978 12  14.7 2.3  538  6  733  4  2220 13 1786 15 345  2.6 
0938+5428 3305 28  67.9 4.0 1887 15 2627 13  7957 39 6313 39 353  2.7 
0927+1740  328  6  17.7 2.1  196  4  419  3  1268  9  707  9 707  4.0 
1457+2232  764  9 103.1 2.7  868 12 2096 12  6349 36 2758 20 707  9.9 
0749+3337 1312 14  20.3 2.4  652  7  811  5  2457 14 2447 27 361  1.9 
1032+2717  845  8  25.1 0.8  520  5  910  4  2757 13 1687 13 651  3.8 
0805+0925   73  5   4.3 3.5   72  4  123  3   371  8  333  6 353  4.0 
1205+2620  324  5   9.0 3.7  165  3  198  1   599  4  587  8 350  1.9 
0055-0021 1738 11  29.0 3.0  956  5 1197  3  3626 10 3587 12 249  2.1 
0747+2336  363  5  35.8 1.8  354  5  796  5  2411 16 1166 11 366  7.6 
