 1 J0021+0052                   00 21 01.03 +00 52 48.08 0.09839  3.94 8.17  0.07 Te[O III] 120  40  2.0 0.1 0.131 0.006
 2 J0036-3333 Haro 11 knot      00 36 52.68 -33 33 17.24 0.02060 16.6  8.21  0.17 Te[S III]  10  10  1.1 0.1 0.298 0.012
 3 J0127-0619 Mrk 996           01 27 35.51 -06 19 36.06 0.00540  4.04 7.68  0.02 Te[O III] 400  20  1.1 0.1 0.476 0.006
 4 J0144+0453 UM133             01 44 41.36 +04 53 25.32 0.00520  1.87 7.76  0.02 Te[O III]  40  40  2.1 0.1 0.044 0.030
 5 J0337-0502 SBS0335-052 E     03 37 44.06 -05 02 40.19 0.01352  7.99 7.46  0.04 Te[S III] 140  40  6.2 0.2 0.053 0.006
 6 J0405-3648                   04 05 20.46 -36 48 59.14 0.00280  0.96 7.04  0.05 Te[S III]  10  10  0.6 0.1 0.106 0.005
 7 J0808+3948                   08 08 44.28 +39 48 52.51 0.09123  3.42 8.77  0.12 Te[N II]  910 160  0.8 0.1 0.241 0.07
 8 J0823+2806 LARS9             08 23 54.96 +28 06 21.60 0.04722  3.85 8.28  0.01 Te[O III] 140  10  2.0 0.1 0.209 0.004
 9 J0926+4427 LARS14            09 26 00.44 +44 27 36.54 0.18067  1.14 8.08  0.02 Te[O III] 130  30  3.1 0.1 0.104 0.008
10 J0934+5514 I Zw 18 NW        09 34 02.02 +55 14 28.10 0.00250 15.1  6.98  0.01 Te[O III] 120  40  8.7 0.1 0.073 0.007
11 J0938+5428                   09 38 13.49 +54 28 25.09 0.10210  3.56 8.25  0.02 Te[O III]  80  10  1.9 0.1 0.129 0.006
12 J0940+2935                   09 40 12.87 +29 35 30.21 0.00168  1.45 7.66  0.07 Te[O III]  10  10  0.7 0.1 0.060 0.010
13 J0942+3547 CG-274, SB 110    09 42 52.78 +35 47 25.98 0.01486  3.80 8.13  0.03 Te[O III]  20  10  2.6 0.1 0.055 0.011
14 J0944-0038 CGCG007-025, SB 2 09 44 01.87 -00 38 32.18 0.00478  1.40 7.83  0.01 Te[O III] 100  20  2.9 0.1 0.160 0.010
15 J0944+3442                   09 44 25.87 +34 42 08.49 0.02005  0.69 7.62  0.11 Te[O III]  70  60  1.4 0.1 0.162 0.013
16 J1016+3754 1427-52996-221    10 16 24.48 +37 54 46.08 0.00388  7.07 7.56  0.01 Te[O III]  40  20  4.6 0.2 0.070 0.012
17 J1024+0524 SB 36             10 24 29.25 +05 24 51.02 0.03319  4.50 7.84  0.03 Te[O III]  20  20  2.1 0.1 0.101 0.016
18 J1025+3622                   10 25 48.38 +36 22 58.42 0.12650  1.81 8.13  0.01 Te[O III] 100  20  2.4 0.1 0.090 0.006
19 J1044+0353                   10 44 57.79 +03 53 13.10 0.01287  1.70 7.45  0.03 Te[S III] 200  40  6.8 0.1 0.079 0.007
20 J1105+4444 1363-53053-510    11 05 08.16 +44 44 47.40 0.02154  4.68 8.23  0.01 Te[O III] 100  10  2.0 0.1 0.167 0.005
21 J1112+5503                   11 12 44.05 +55 03 47.01 0.13164  1.91 8.45  0.06 Te[N II]  390  80  0.9 0.1 0.225 0.016
22 J1119+5130                   11 19 34.36 +51 30 12.02 0.00446  2.63 7.57  0.04 Te[O III]  10  10  2.0 0.1 0.095 0.008
23 J1129+2034 SB 179            11 29 14.15 +20 34 52.01 0.00470  1.87 8.28  0.04 Te[O III]  90  20  1.8 0.1 0.227 0.011
24 J1132+5722 SBSG1129+576      11 32 02.64 +57 22 36.39 0.00504  2.57 7.58  0.08 Te[O III] 120  30  0.8 0.1 0.095 0.008
25 J1132+1411 SB 125            11 32 35.35 +14 11 29.83 0.01764  1.75 8.25  0.01 Te[O III]  90  20  2.7 0.1 0.127 0.008
26 J1144+4012                   11 44 22.28 +40 12 21.19 0.12695  1.20 8.43  0.20 Te[N II]  130  30  0.6 0.1 0.223 0.010
27 J1148+2546 SB 182            11 48 27.34 +25 46 11.77 0.04512  2.07 7.94  0.01 Te[O III] 120  30  3.7 0.1 0.096 0.021
28 J1150+1501 SB 126, Mrk 0750  11 50 02.73 +15 01 23.48 0.00245 12.6  8.14  0.01 Te[O III]  90  10  2.3 0.1 0.039 0.004
29 J1157+3220 1991-53446-584    11 57 31.68 +32 20 30.12 0.01097 14.4  8.43  0.02 Te[O III]  70  10  1.2 0.1 0.079 0.006
30 J1200+1343                   12 00 33.42 +13 43 07.95 0.06675  1.38 8.26  0.02 Te[O III] 260  30  5.1 0.1 0.146 0.006
31 J1225+6109 0955-52409-608    12 25 05.41 +61 09 11.30 0.00234  9.50 7.97  0.01 Te[O III]  50  20  4.7 0.1 0.110 0.005
32 J1253-0312 SHOC391           12 53 05.96 -03 12 58.84 0.02272  9.11 8.06  0.01 Te[O III] 390  50  8.0 0.2 0.158 0.008
33 J1314+3452 SB 153            13 14 47.37 +34 52 59.81 0.00288  3.72 8.26  0.01 Te[O III] 180  10  2.3 0.1 0.140 0.006
34 J1323-0132                   13 23 47.52 -01 32 51.94 0.02246  1.33 7.71  0.04 Te[O III] 600 140 37.8 3.0 0.128 0.042
35 J1359+5726 Ly 52, Mrk 1486   13 59 50.88 +57 26 22.92 0.03383  6.34 7.98  0.01 Te[O III]  60  20  2.6 0.1 0.091 0.006
36 J1416+1223                   14 16 12.87 +12 23 40.42 0.12316  2.62 8.53 11.4  Te[N II]  270  20  0.8 0.1 0.246 0.008
37 J1418+2102                   14 18 51.12 +21 02 39.84 0.00855  1.17 7.75  0.02 Te[S III]  50  20  4.7 0.1 0.084 0.006
38 J1428+1653                   14 28 56.41 +16 53 39.32 0.18167  1.25 8.33  0.05 Te[O III]  90  20  1.2 0.1 0.144 0.008
39 J1429+0643                   14 29 47.00 +06 43 34.95 0.17350  1.62 8.10  0.03 Te[O III] 230  70  4.2 0.2 0.116 0.012
40 J1444+4237 HS1442+4250       14 44 11.46 +42 37 35.57 0.00230  2.08 7.64  0.02 Te[O III]  90  40  4.1 0.1 0.081 0.053
41 J1448-0110 SB 61             14 48 05.38 -01 10 57.72 0.02741  4.08 8.13  0.01 Te[O III] 150  20  8.0 0.1 0.148 0.005
42 J1521+0759                   15 21 41.52 +07 59 21.77 0.09426  3.52 8.31  0.14 Te[N II]   90  30  1.5 0.1 0.153 0.008
43 J1525+0757                   15 25 21.84 +07 57 20.30 0.07579  3.52 8.33  0.04 \To       210  20  0.5 0.1 0.246 0.008
44 J1545+0858 1725-54266-068    15 45 43.44 +08 58 01.34 0.03772  4.37 7.75  0.03 Te[O III] 130  20  8.6 0.3 0.110 0.036
45 J1612+0817                   16 12 45.52 +08 17 01.01 0.14914  2.70 8.18  0.19 Te[N II]  340  60  0.7 0.1 0.290 0.008
