M33            M31      23.4583  30.6603 205.8                              -18.84 0.10  9.51 0.22 25.46 0.60               False True  1.00      MCCONN
NGC205         M31      10.0917  41.6853   8.3                              -16.48 0.10  8.78 0.22 19.20        589.7  24.0 True  True  1.00      MCCONN
M32            M31      10.6708  40.8653   5.5                              -16.43 0.10  8.76 0.22 11.10        110.1  11.7 True  True  1.00      MCCONN
NGC147         M31       8.3000  48.5089 101.8                              -14.65 0.10  8.01 0.22 21.20        623.4       True  True  1.00      MCCONN
IC10           M31       5.0708  59.3039 259.0                              -15.00 0.20  7.83 0.22 24.60 0.20   612.3       False True  1.00      MCCONN
NGC185         M31       9.7417  48.3375  97.1                              -14.75 0.10  8.05 0.22 20.80        457.4       True  True  1.00      MCCONN
andVII         M31     351.6292  50.6758 226.1                              -13.21 0.30  7.39 0.22 23.20 0.20   775.9  22.2 True  True  1.00      MCCONN
andXXXII       M31       8.9975  51.5597 142.5                              -12.25 0.70  6.98 0.22 26.40 0.80  1467.7 271.0 True  True  1.00      MCCONN
andII          M31      19.1242  33.4192 142.0                              -12.57 0.20  7.12 0.22 24.50 0.20  1175.2  37.9 True  True  1.00      MCCONN
andI           M31      11.4158  38.0411  44.7                              -11.86 0.10  6.81 0.22 24.70 0.20   671.6  65.0 True  True  1.00      MCCONN
andXXXI        M31     344.5679  41.2911 277.0                              -11.70 0.70  6.74 0.22 25.80 0.80   926.8  88.3 True  True  1.00      MCCONN
andIII         M31       8.8908  36.4978  67.8                              -10.17 0.30  6.08 0.22 24.80 0.20   478.8  43.5 True  True  1.00      MCCONN
andXXIII       M31      22.3408  38.7189 127.4                              -10.23 0.50  6.11 0.22 28.00 0.50  1029.2  44.7 True  True  1.00      MCCONN
andVI          M31     357.9429  24.5825 280.3                              -11.47 0.20  6.64 0.22 24.10 0.20   524.1  45.6 True  True  1.00      MCCONN
andXXI         M31     358.6987  42.4708 123.5                               -9.79 0.60  5.92 0.22 27.00 0.40   842.9  72.3 True  True  1.00      MCCONN
andXXV         M31       7.5371  46.8519  82.3                               -9.75 0.50  5.90 0.22 27.10 0.50   709.3  47.3 True  True  1.00      MCCONN
LGS3           M31      15.9792  21.8850 282.2                              -10.13 0.10  5.57 0.22 24.80 0.10   469.8  44.7 False True  1.00      MCCONN
andXV          M31      18.5779  38.1175  93.6                               -9.38 0.30  5.74 0.22 24.80 0.40   220.0   9.1 True  True  1.00      MCCONN
andV           M31      17.5713  47.6281 110.1                               -9.54 0.20  5.81 0.22 25.30 0.20   314.7  45.0 True  True  1.00      MCCONN
andXVIII       M31       0.5604  45.0889 113.8                               -9.42       5.75 0.22 25.60        324.7  21.2 True  True  1.00      MCCONN
NGC247         NGC253   11.7834 -20.7570 282.2  9.44 0.08  8.96 0.09 -18.31 -18.60 0.09  9.41 0.13 21.27 0.11  4278.3 199.3 False True  1.00 gr   DECALS
dw0047m2623    NGC253   11.8939 -26.3898  68.5 18.89 0.11 18.33 0.11  -8.86  -9.19 0.11  5.77 0.14 26.59 0.15   453.9  39.8 True  True  1.00 gr   DECALS
dw0049m2100    NGC253   12.4537 -21.0167 267.9 15.07 0.09 14.89 0.09 -12.69 -12.79 0.09  6.62 0.13 23.20 0.11   627.1  31.8 False True  1.00 gr   DECALS
dw0050m2444    NGC253   12.5749 -24.7367  51.7 18.22 0.10 17.95 0.10  -9.53  -9.70 0.10  5.53 0.13 27.91 0.13  1539.2 115.0 True  True  1.00 gr   DECALS
dw0055m2309    NGC253   13.7538 -23.1688 169.0 17.49 0.09 17.14 0.10 -10.26 -10.47 0.10  5.95 0.13 23.75 0.12   279.1  18.1 False True  1.00 gr   DECALS
dw0036m2828    NGC253    9.1273 -28.4701 250.4 18.67 0.11 18.47 0.11  -9.08  -9.21 0.11  5.23 0.13 24.39 0.14   311.7  25.8 False False 0.05 gr   DECALS
dw0132p1422    NGC628   23.2486  14.3736 284.7 16.05 0.09 15.85 0.09 -13.90 -14.02 0.09  7.14 0.13 22.02 0.11   715.4  38.7 False True  1.00 gr   DECALS
dw0133p1543    NGC628   23.4842  15.7314 113.5 19.94 0.14 19.38 0.13 -10.01 -10.34 0.14  6.22 0.15 23.93 0.20   214.4  25.6 True  True  1.00 gr   DECALS
dw0134p1544    NGC628   23.5537  15.7463 102.0 17.57 0.10 17.07 0.10 -12.38 -12.68 0.10  7.07 0.13 24.00 0.12  1078.1  65.9 True  True  1.00 gr   DECALS
dw0134p1438    NGC628   23.6741  14.6444 210.9 17.06 0.09 16.86 0.10 -12.89 -13.01 0.09  6.74 0.13 21.73 0.12   497.9  30.2 False True  1.00 gr   DECALS
dw0136p1628    NGC628   24.0842  16.4701 118.0 17.75 0.10 17.19 0.10 -12.20 -12.52 0.10  7.10 0.13 22.50 0.13   336.7  22.6 True  True  1.00 gr   DECALS
dw0137p1537    NGC628   24.3236  15.6329  35.5 17.86 0.10 17.24 0.10 -12.09 -12.45 0.10  7.18 0.13 22.59 0.13   380.2  26.4 True  True  1.00 gr   DECALS
dw0137p1607    NGC628   24.4156  16.1320  71.5 20.20 0.14 19.57 0.13  -9.75 -10.12 0.15  6.24 0.16 25.96 0.21   489.2  64.2 True  True  1.00 gr   DECALS
dw0138p1458    NGC628   24.5024  14.9825 146.9 16.98 0.09 16.61 0.09 -12.97 -13.19 0.09  7.06 0.13 22.42 0.12   349.5  21.0 False True  1.00 gr   DECALS
UGC1171        NGC628   24.9366  15.8993 126.7 15.71 0.09 15.45 0.09 -14.24 -14.40 0.09  7.38 0.13 22.36 0.11   840.5  44.3 False True  1.00 gr   DECALS
dw0139p1433    NGC628   24.9611  14.5563 246.2 17.89 0.10 17.59 0.10 -12.06 -12.24 0.10  6.59 0.13 22.25 0.13   258.9  18.1 False True  1.00 gr   DECALS
dw0140p1556    NGC628   25.0395  15.9394 144.5 18.64 0.11 18.47 0.11 -11.31 -11.41 0.11  6.05 0.13 24.03 0.14   449.5  36.9 False True  1.00 gr   DECALS
UGC1176        NGC628   25.0430  15.9054 144.1 14.24 0.09 13.86 0.09 -15.71 -15.93 0.09  8.18 0.13 23.44 0.11  2350.7 115.3 False True  1.00 gr   DECALS
dw0143p1541    NGC628   25.9012  15.6937 284.0 15.75 0.09 15.35 0.09 -14.20 -14.44 0.09  7.62 0.13 24.46 0.11  1437.6  76.0 False True  1.00 gr   DECALS
dw0141p1651    NGC628   25.4173  16.8721 275.5 18.14 0.10 17.68 0.10 -11.81 -12.08 0.10  6.77 0.13 23.06 0.13   473.4  34.7 False False 0.30 gr   DECALS
dw0221p4221    NGC891   35.3010  42.3640  39.9 17.28 0.09 16.79 0.10 -12.52 -12.80 0.10  7.11 0.13 22.58 0.12   513.0  31.9 True  True  1.00 gr   CFHT
UGC1807        NGC891   35.3058  42.7629  76.6 13.86 0.09 13.52 0.09 -15.94 -16.14 0.09  8.20 0.12 21.48 0.11  1617.4  78.5 False True  1.00 gr   CFHT
dw0222p4242    NGC891   35.7298  42.7123  58.8 17.13 0.09 16.76 0.10 -12.67 -12.89 0.10  6.96 0.13 24.50 0.12  1138.2  69.6 True  True  1.00 gr   CFHT
dw0223p4314    NGC891   35.8921  43.2395 144.8 19.36 0.12 18.96 0.12 -10.44 -10.67 0.12  6.11 0.14 23.44 0.17   193.6  19.3 True  False 0.15 gr   CFHT
dw0224p4158    NGC891   36.0968  41.9747  80.4 20.49 0.16 20.09 0.16  -9.31  -9.54 0.16  5.66 0.18 24.41 0.23   165.6  23.9 True  False 0.20 gr   CFHT
dw0225p4153    NGC891   36.3192  41.8915 108.4 20.53 0.16 20.13 0.16  -9.27  -9.51 0.17  5.65 0.18 24.78 0.24   175.3  25.5 True  False 0.45 gr   CFHT
dw0226p4206    NGC891   36.6690  42.1111 127.2 20.44 0.16 20.04 0.16  -9.36  -9.60 0.16  5.68 0.17 24.01 0.23   150.3  21.3 True  False 0.10 gr   CFHT
dw0235p3850    NGC1023  38.9760  38.8362 164.0 16.82 0.15 16.21 0.14 -13.27 -13.51 0.15  7.25 0.12 21.18 0.10   532.8  86.4 False True  1.00 gi   CFHT
IC239          NGC1023  39.1162  38.9690 139.8                              -19.10       9.32                               False True  1.00
dw0237p3855    NGC1023  39.3276  38.9331 111.5 15.24 0.10 14.54 0.11 -14.84 -15.12 0.10  8.00 0.11 21.39 0.16   926.2  96.5 False True  1.00 gi   CFHT      yes
dw0237p3836    NGC1023  39.4144  38.6003 128.3 18.20 0.17 17.56 0.16 -11.89 -12.13 0.17  6.74 0.12 23.85 0.13   547.9  63.0 True  True  1.00 gi   CFHT
dw0239p3926    NGC1023  39.8325  39.4339  77.1 18.21 0.14 17.59 0.14 -11.87 -12.11 0.14  6.72 0.12 26.17 0.10  1129.4 103.8 True  True  1.00 gi   CFHT
dw0239p3903    NGC1023  39.8432  39.0554  36.2 20.62 0.49 20.05 0.34  -9.47  -9.69 0.49  5.69 0.16 25.06 0.28   335.5  44.0 True  True  1.00 gi   CFHT
dw0239p3902    NGC1023  39.9460  39.0473  21.9 20.58 0.09 19.76 0.08  -9.51  -9.82 0.09  6.03 0.15 24.72 0.07   284.5  15.8 True  True  1.00 gi   CFHT
UGC2157        NGC1023  40.1044  38.5630  90.8 14.24 0.03 13.59 0.03 -15.84 -16.11 0.03  8.35 0.10 21.17 0.08  1519.9  41.6 False True  1.00 gi   CFHT
dw0240p3854    NGC1023  40.1374  38.9004  30.0 16.78 0.03 16.37 0.04 -13.30 -13.47 0.03  7.01 0.10 21.09 0.03   318.8   3.3 False True  1.00 gi   CFHT
dw0240p3903    NGC1023  40.1544  39.0593   7.7 14.91 0.09 12.23 0.09 -15.18 -15.48 0.09  8.21 0.12 21.97 0.09  2047.4   0.1 False True  1.00 gi   CFHT      yes
dw0240p3922    NGC1023  40.1649  39.3792  58.1 16.68 0.07 16.43 0.08 -13.41 -13.52 0.07  6.84 0.11 22.45 0.05   642.2  53.4 False True  1.00 gi   CFHT      yes
dw0241p3904    NGC1023  40.2512  39.0727  21.4 15.56 0.03 15.15 0.03 -14.53 -14.69 0.03  7.49 0.10 22.64 0.02   980.6  25.9 False True  1.00 gi   CFHT      yes
UGC2165        NGC1023  40.3145  38.7441  65.4 14.04 0.04 13.15 0.04 -16.05 -16.38 0.04  8.72 0.12 21.05 0.01  1484.5  40.3 True  True  1.00 gi   CFHT
dw0242p3838    NGC1023  40.6028  38.6352 105.3 20.60 0.17 20.62 0.19  -9.49  -9.48 0.17  4.93 0.16 25.51 0.17   259.9   0.2 True  True  1.00 gi   CFHT      yes
dw0238p3805    NGC1023  39.6703  38.0849 187.8 16.89 0.07 16.37 0.06 -13.19 -13.41 0.07  7.11 0.11 23.08 0.21   614.7  27.5 False False 0.90 gi   CFHT      yes
dw0241p3829    NGC1023  40.4758  38.4983 115.5 19.71 0.13 19.14 0.14 -10.38 -10.61 0.13  6.04 0.12 23.86 0.05   260.6  30.1 True  False 0.35 gi   CFHT
dw0243p3915    NGC1023  40.9790  39.2557 128.5 19.13 0.14 18.37 0.15 -10.96 -11.26 0.14  6.52 0.13 22.36 0.29   255.7  43.5 True  False 0.05 gi   CFHT
dw0309m4104    NGC1291  47.3549 -41.0826 235.7 19.19 0.12 18.64 0.11 -10.60 -10.92 0.12  6.44 0.14 24.25 0.16   365.0  34.7 True  True  1.00 gr   DECALS
dw0309m4101    NGC1291  47.4093 -41.0312 229.5 12.59 0.08 12.12 0.09 -17.20 -17.48 0.09  8.95 0.13 22.17 0.11  4122.2 196.2 False True  1.00 gr   DECALS
dw0310m4000    NGC1291  47.5432 -40.0035 277.2 15.61 0.09 15.40 0.09 -14.18 -14.31 0.09  7.29 0.13 23.00 0.11   934.1  48.9 False True  1.00 gr   DECALS
dw0315m4040    NGC1291  48.7908 -40.6674  95.0 18.13 0.10 17.56 0.10 -11.66 -12.00 0.10  6.91 0.13 24.88 0.13   763.2  55.8 True  True  1.00 gr   DECALS
dw0317m4142    NGC1291  49.2560 -41.7001  94.2 16.92 0.09 16.34 0.09 -12.87 -13.21 0.09  7.42 0.12 23.48 0.12   696.7  41.5 True  True  1.00 gr   DECALS
dw0317m4058    NGC1291  49.3725 -40.9728  22.2 17.05 0.09 16.40 0.09 -12.74 -13.12 0.09  7.48 0.13 23.87 0.12   970.1  56.3 True  True  1.00 gr   DECALS
dw0317m4141    NGC1291  49.4083 -41.6962  93.7 17.15 0.09 16.68 0.09 -12.64 -12.92 0.10  7.13 0.13 24.61 0.12  1099.0  67.6 True  True  1.00 gr   DECALS
dw0318m4101    NGC1291  49.6796 -41.0240  44.1 18.63 0.11 18.05 0.10 -11.16 -11.50 0.11  6.73 0.13 23.54 0.14   346.6  28.0 True  True  1.00 gr   DECALS
dw0318m4211    NGC1291  49.6961 -42.1993 178.4 20.35 0.15 19.82 0.15  -9.44  -9.75 0.16  5.94 0.17 25.52 0.22   334.5  45.8 True  True  1.00 gr   DECALS
dw0319m4126    NGC1291  49.9305 -41.4480  89.8 17.47 0.09 16.87 0.10 -12.32 -12.67 0.10  7.22 0.13 25.00 0.12   833.6  53.9 True  True  1.00 gr   DECALS
dw0320m4048    NGC1291  50.1412 -40.8048 108.6 19.27 0.12 18.72 0.11 -10.52 -10.84 0.12  6.41 0.14 26.98 0.16   927.7  90.3 True  True  1.00 gr   DECALS
dw0321m4159    NGC1291  50.3521 -41.9982 186.2 16.27 0.09 15.85 0.09 -13.52 -13.77 0.09  7.37 0.13 23.65 0.11   784.6  43.4 False True  1.00 gr   DECALS
dw0323m4040    NGC1291  50.8173 -40.6777 191.1 15.94 0.09 15.34 0.09 -13.85 -14.20 0.09  7.84 0.13 21.66 0.11   599.8  32.9 True  True  1.00 gr   DECALS
dw0325m4113    NGC1291  51.4098 -41.2304 249.2 17.94 0.10 17.39 0.10 -11.85 -12.17 0.10  6.94 0.13 25.47 0.13  1009.3  71.1 True  True  1.00 gr   DECALS
dw0312m3955    NGC1291  48.0380 -39.9179 244.4 20.87 0.18 20.46 0.18  -8.92  -9.16 0.18  5.52 0.20 26.54 0.27   716.4 118.3 True  False 0.65 gr   DECALS
dw0315m4112    NGC1291  48.9422 -41.2017  48.3 20.03 0.14 19.43 0.13  -9.76 -10.11 0.14  6.21 0.16 26.82 0.20   941.0 115.9 True  False 0.55 gr   DECALS
dw0316m4207    NGC1291  49.1818 -42.1284 162.6 20.90 0.18 20.48 0.18  -8.89  -9.13 0.19  5.54 0.21 25.47 0.27   569.1  95.1 True  False 0.55 gr   DECALS
dw0321m4149    NGC1291  50.4853 -41.8184 177.7 20.35 0.15 20.07 0.16  -9.44  -9.60 0.16  5.50 0.17 26.11 0.22   504.9  69.1 False False 0.65 gr   DECALS
NGC1792        NGC1808  76.3077 -37.9790 109.6 10.48 0.08  9.82 0.09 -19.36 -19.75 0.09 10.13 0.13 19.71 0.11  2807.3 131.7 False True  1.00 gr   DECALS
dw0506m3739    NGC1808  76.6002 -37.6499  47.5 19.83 0.13 19.28 0.13 -10.01 -10.33 0.14  6.22 0.15 24.68 0.19   364.2  42.0 True  True  1.00 gr   DECALS
dw0507m3629    NGC1808  76.7765 -36.4834 168.0 18.73 0.11 18.22 0.11 -11.11 -11.41 0.11  6.57 0.13 24.18 0.15   463.4  39.0 True  True  1.00 gr   DECALS
dw0507m3739    NGC1808  76.8530 -37.6518  24.4 17.84 0.10 17.29 0.10 -12.00 -12.32 0.10  7.00 0.13 24.40 0.13   723.3  52.2 True  True  1.00 gr   DECALS
dw0507m3744    NGC1808  76.9674 -37.7385  37.0 16.92 0.09 16.37 0.09 -12.92 -13.24 0.09  7.38 0.13 21.30 0.12   260.2  15.5 True  True  1.00 gr   DECALS
dw0507m3800    NGC1808  76.9808 -38.0125  81.4 17.96 0.10 17.43 0.10 -11.88 -12.19 0.10  6.92 0.13 22.89 0.13   367.6  26.0 False True  1.00 gr   DECALS
dw0508m3818    NGC1808  77.0318 -38.3098 130.0 11.81 0.08 11.43 0.09 -18.03 -18.26 0.09  9.12 0.13 20.36 0.11 11800.3 558.5 False True  1.00 gr   DECALS
dw0508m3617    NGC1808  77.1269 -36.2869 200.5 19.47 0.12 18.94 0.12 -10.37 -10.68 0.13  6.31 0.14 23.94 0.17   381.5  39.3 True  True  1.00 gr   DECALS
dw0508m3808    NGC1808  77.1369 -38.1405 105.3 16.82 0.09 16.25 0.09 -13.02 -13.35 0.09  7.45 0.13 21.70 0.12   410.1  24.1 True  True  1.00 gr   DECALS
NGC1827        NGC1808  77.5208 -36.9611 117.8 12.73 0.08 12.24 0.09 -17.11 -17.40 0.09  8.95 0.13 20.34 0.11  1978.9  94.3 False True  1.00 gr   DECALS
dw0502m3845    NGC1808  75.6394 -38.7649 261.2 19.23 0.12 19.04 0.12 -10.61 -10.73 0.12  5.82 0.14 24.00 0.16   274.5  26.4 False False 0.45 gr   DECALS
dw0506m3800    NGC1808  76.5346 -38.0103  95.0 19.85 0.13 19.37 0.13  -9.99 -10.27 0.14  6.09 0.15 24.07 0.19   229.1  26.6 True  False 0.20 gr   DECALS
dw0507m3733    NGC1808  76.8724 -37.5541   9.7 21.14 0.19 20.51 0.18  -8.70  -9.07 0.20  5.83 0.23 26.60 0.30   337.3  61.6 True  False 0.65 gr   DECALS
dw0510m3717    NGC1808  77.7102 -37.2859 107.5 20.69 0.17 20.16 0.16  -9.15  -9.46 0.17  5.83 0.18 25.25 0.25   285.3  44.1 True  False 0.55 gr   DECALS
dw0848p3226    NGC2683 132.1660  32.4442 212.2 20.01 0.14 19.30 0.13  -9.86 -10.27 0.14  6.42 0.16 26.75 0.20   747.4  91.3 True  True  1.00 gr   DECALS
dw0852p3347    NGC2683 133.2006  33.7990  61.8 16.37 0.09 16.04 0.09 -13.50 -13.69 0.09  7.22 0.13 25.62 0.11  2394.3 133.6 False True  1.00 gr   DECALS
dw0853p3318    NGC2683 133.3617  33.3052  32.4 18.40 0.10 18.02 0.10 -11.47 -11.69 0.11  6.48 0.13 23.54 0.14   499.7  38.8 False True  1.00 gr   DECALS
dw0855p3336    NGC2683 133.7936  33.6155  90.7 18.70 0.11 18.15 0.10 -11.16 -11.48 0.11  6.67 0.13 24.16 0.14   587.6  49.1 True  True  1.00 gr   DECALS
dw0855p3333    NGC2683 133.8454  33.5572  94.8 16.68 0.09 16.11 0.09 -13.18 -13.52 0.09  7.51 0.13 24.44 0.11  1004.0  58.3 True  True  1.00 gr   DECALS
dw0856p3155    NGC2683 134.1080  31.9172 278.9 18.95 0.11 18.38 0.11 -10.91 -11.25 0.12  6.61 0.13 24.32 0.15   437.5  39.0 True  True  1.00 gr   DECALS
dw0846p3300    NGC2683 131.5588  32.9974 232.2 18.34 0.10 17.70 0.10 -11.52 -11.90 0.11  6.98 0.13 26.71 0.14  1747.7 134.0 True  False 0.90 gr   DECALS
dw0846p3348    NGC2683 131.6301  33.8106 220.0 18.42 0.10 17.90 0.10 -11.44 -11.75 0.11  6.75 0.14 25.57 0.14   910.2  71.1 True  False 0.95 gr   DECALS
dw0852p3249    NGC2683 133.1987  32.8288  97.6 20.29 0.15 19.72 0.14  -9.58  -9.91 0.15  6.06 0.17 24.98 0.22   352.8  47.3 True  False 0.70 gr   DECALS
dw0854p3314    NGC2683 133.5854  33.2493  63.5 19.10 0.11 18.47 0.11 -10.77 -11.13 0.12  6.65 0.14 25.45 0.16   598.4  55.4 True  False 0.90 gr   DECALS
dw0929p2213    NGC2903 142.4777  22.2181 139.5 20.59 0.16 20.17 0.16  -9.18  -9.42 0.17  5.64 0.18 25.77 0.24   415.9  62.0 False True  1.00 gr   DECALS
dw0930p1959    NGC2903 142.5540  19.9913 247.8 16.65 0.09 16.28 0.09 -13.12 -13.34 0.09  7.13 0.13 23.61 0.11   556.5  32.0 False True  1.00 gr   DECALS
dw0930p2143    NGC2903 142.6666  21.7240  65.1 18.96 0.08 18.72 0.07 -10.81 -10.95 0.09  5.98 0.11 23.30 0.06   270.5  21.5 False True  1.00 gr   CFHT
dw0932p1952    NGC2903 143.0991  19.8754 255.5 19.33 0.12 18.75 0.11 -10.44 -10.78 0.12  6.44 0.14 24.17 0.17   309.0  30.6 True  True  1.00 gr   DECALS
UGC5086        NGC2903 143.2034  21.4656  24.2 15.74 0.08 15.15 0.06 -14.03 -14.37 0.08  7.88 0.13 22.38 0.13   728.9  30.3 True  True  1.00 gr   CFHT
dw0933p2030    NGC2903 143.3069  20.5152 159.6 17.39 0.09 16.93 0.10 -12.39 -12.65 0.10  6.99 0.13 22.53 0.12   443.9  28.3 True  True  1.00 gr   DECALS
dw0936p2135    NGC2903 144.0891  21.5993 153.8 17.84 0.10 17.40 0.10 -11.93 -12.19 0.10  6.78 0.13 22.74 0.13   341.4  23.6 False True  1.00 gr   DECALS
M82            M81     148.9683  69.6797  38.8                              -19.75      10.35                               False True  1.00
NGC3077        M81     150.8296  68.7339  48.7 10.13 0.08  9.58 0.09 -17.66 -17.98 0.09  9.27 0.13 16.47 0.11  1144.8  53.6 False True  1.00 gr   DECALS
NGC2976        M81     146.8146  67.9164  86.8 10.36 0.08  9.73 0.09 -17.43 -17.79 0.09  9.30 0.13 19.87 0.11  1266.2  59.4 False True  1.00 gr   DECALS
IC2574         M81     157.1413  68.4328 192.7 11.12 0.08 10.76 0.09 -16.66 -16.88 0.09  8.54 0.13 22.72 0.11  3286.6 154.8 False True  1.00 gr   DECALS    yes
ddo82          M81     157.6524  70.6183 214.0 12.90 0.08 12.32 0.09 -14.88 -15.22 0.09  8.21 0.13 21.62 0.11  1055.6  50.4 False True  1.00 gr   DECALS
kdg61          M81     149.2612  68.5917  31.0 14.95 0.09 14.30 0.09 -12.84 -13.22 0.09  7.51 0.13 23.74 0.11  1001.5  50.4 True  True  1.00 gr   DECALS
BK5N           M81     151.1679  68.2556  73.0 16.87 0.09 16.28 0.09 -10.91 -11.26 0.09  6.65 0.13 24.73 0.12   456.6  27.0 True  True  1.00 gr   DECALS
IKN            M81     152.0246  68.3992  83.1 14.07 0.09 13.54 0.09 -13.71 -14.03 0.09  7.67 0.12 23.69 0.11  1144.9  55.9 True  True  1.00 gr   DECALS    yes
FM1            M81     146.2917  68.7650  61.8 15.90 0.09 15.23 0.09 -11.89 -12.28 0.09  7.17 0.13 24.49 0.11   749.4  40.1 True  True  1.00 gr   DECALS
kdg64          M81     151.7579  67.8275 102.4 14.77 0.09 14.11 0.09 -13.02 -13.40 0.09  7.60 0.13 23.15 0.11   956.5  47.8 True  True  1.00 gr   DECALS
f8d1           M81     146.1962  67.4386 120.2 16.42 0.09 15.88 0.09 -11.37 -11.68 0.09  6.73 0.13 26.22 0.11  1019.7  57.2 True  True  1.00 gr   DECALS    yes
d1014p68       M81     153.7325  68.7575 111.5 18.89                  -8.90  -9.10 0.11  5.61 0.22 27.29 0.15   344.8  30.2 True  True  1.00      CH09/CH13
KK77           M81     147.5417  67.5067 103.1 15.18 0.09 14.41 0.09 -12.61 -13.06 0.09  7.63 0.13 24.25 0.11   954.2  48.6 True  True  1.00 gr   DECALS
kdg63          M81     151.2804  66.5550 168.2 15.01 0.09 14.35 0.09 -12.78 -13.17 0.09  7.51 0.13 23.72 0.11   716.2  36.2 True  True  1.00 gr   DECALS
d0958p66       M81     149.7021  66.8497 141.0 15.42 0.09 15.03 0.09 -12.37 -12.59 0.09  6.87 0.13 21.56 0.11   228.8  11.8 False True  1.00 gr   DECALS
ddo78          M81     156.6163  67.6567 200.3 13.87 0.09 13.25 0.09 -13.92 -14.28 0.09  7.89 0.12 24.26 0.11  1395.9  67.8 True  True  1.00 gr   DECALS
d1028p70       M81     157.1654  70.2336 195.7 15.53 0.09 15.19 0.09 -12.26 -12.46 0.09  6.74 0.13 21.74 0.11   303.0  15.8 False True  1.00 gr   DECALS
d0955p70       M81     148.8067  70.4081  84.6 18.39                  -9.40  -9.60 0.10  5.83 0.22 26.46 0.13   325.5  25.2 True  True  1.00      CH09/CH13
d1041p70       M81     160.3200  70.1508 260.1 18.89                  -8.90  -9.10 0.11  5.61 0.22 26.16 0.15   190.8  16.7 True  True  1.00      CH09/CH13
HS117          M81     155.3550  71.1161 189.6 16.47 0.09 15.87 0.09 -11.32 -11.67 0.09  6.82 0.13 24.37 0.11   558.7  31.5 True  True  1.00 gr   DECALS
d0944p71       M81     146.1433  71.4825 163.2 15.93 0.09 15.25 0.09 -11.85 -12.25 0.09  7.17 0.13 23.49 0.11   399.8  21.4 True  True  1.00 gr   DECALS
d0926p70       M81     141.6163  70.5067 182.5 18.39                  -9.40  -9.60 0.10  5.83 0.22 25.73 0.13   250.3  19.4 False True  1.00      CH09/CH13
HO1            M81     145.1346  71.1864 156.0 13.46 0.09 13.13 0.09 -14.33 -14.53 0.09  7.56 0.12 24.08 0.11  1470.3  70.8 False True  1.00 gr   DECALS
d0934p70       M81     143.5154  70.2158 138.3 17.59 0.10 17.18 0.10 -10.20 -10.44 0.10  6.03 0.13 25.58 0.12   489.2  32.3 True  True  1.00 gr   DECALS
dw1000m0741    NGC3115 150.0039  -7.6875 230.2 17.46 0.09 16.87 0.10 -12.59 -12.93 0.10  7.30 0.13 23.53 0.12   611.5  40.1 True  True  1.00 gr   DECALS
dw1000m0821    NGC3115 150.0436  -8.3574 250.3 15.87 0.09 15.29 0.09 -14.18 -14.51 0.09  7.91 0.13 21.87 0.11   957.7  50.9 True  True  1.00 gr   DECALS
dw1000m0831    NGC3115 150.2289  -8.5305 238.9 20.30 0.15 19.77 0.14  -9.75 -10.05 0.15  6.06 0.17 25.02 0.21   418.8  62.6 True  True  1.00 gr   DECALS
dw1001m0631    NGC3115 150.3901  -6.5249 267.4 15.70 0.09 15.37 0.09 -14.35 -14.54 0.09  7.55 0.13 22.72 0.11   911.4  48.0 False True  1.00 gr   DECALS
dw1001m0814    NGC3115 150.4092  -8.2487 184.5 14.82 0.09 14.42 0.09 -15.22 -15.46 0.09  8.03 0.13 21.72 0.11  1422.4  71.3 False True  1.00 gr   DECALS
dw1002m0818    NGC3115 150.5043  -8.3100 176.5 20.09 0.14 19.50 0.13  -9.96 -10.30 0.15  6.24 0.16 24.11 0.20   271.3  34.0 True  True  1.00 gr   DECALS
dw1002m0642    NGC3115 150.6570  -6.7083 213.5 21.00 0.19 20.54 0.19  -9.04  -9.31 0.19  5.65 0.21 25.98 0.29   324.4  54.8 True  True  1.00 gr   DECALS
dw1004m0737    NGC3115 150.9948  -7.6409  57.0 18.92 0.11 18.42 0.11 -11.12 -11.42 0.11  6.57 0.14 25.92 0.14   979.4  89.3 True  True  1.00 gr   DECALS
dw1004m0657    NGC3115 151.1572  -6.9585 137.9 19.10 0.12 18.53 0.12 -10.94 -11.28 0.13  6.63 0.14 25.63 0.17   713.9  71.9 True  True  1.00 gr   DECALS
dw1005m0744    NGC3115 151.3961  -7.7498  16.5 15.73 0.09 15.13 0.09 -14.32 -14.67 0.09  8.02 0.13 23.04 0.11  1150.0  60.4 True  True  1.00 gr   DECALS
dw1005m0758    NGC3115 151.4233  -7.9817  51.0 13.03 0.08 12.32 0.09 -17.01 -17.42 0.09  9.28 0.13 20.55 0.11  1488.3  74.7 True  True  1.00 gr   DECALS
dw1006m0730    NGC3115 151.5528  -7.5001  58.1 18.43 0.10 17.82 0.10 -11.62 -11.97 0.11  6.96 0.13 23.45 0.14   396.8  30.8 True  True  1.00 gr   DECALS
dw1006m0732    NGC3115 151.6109  -7.5490  61.4 19.17 0.12 18.63 0.11 -10.87 -11.19 0.12  6.53 0.14 24.70 0.16   436.6  41.2 True  True  1.00 gr   DECALS
dw1006m0730-n2 NGC3115 151.6404  -7.5096  69.5 19.49 0.12 18.95 0.11 -10.55 -10.87 0.12  6.42 0.14 24.79 0.17   545.8  63.8 True  True  1.00 gr   DECALS
dw1007m0835    NGC3115 151.8142  -8.5859 178.3 21.10 0.19 20.47 0.18  -8.94  -9.31 0.20  5.94 0.22 25.01 0.30   247.5  44.5 True  True  1.00 gr   DECALS
dw1007m0715    NGC3115 151.8343  -7.2632 123.3 17.36 0.09 16.82 0.10 -12.69 -13.00 0.10  7.25 0.13 23.41 0.12   722.5  45.2 True  True  1.00 gr   DECALS
dw1007m0830    NGC3115 151.9464  -8.5042 179.5 19.89 0.13 19.42 0.13 -10.15 -10.43 0.14  6.12 0.15 24.54 0.19   393.1  46.1 True  True  1.00 gr   DECALS
dw1006m0630    NGC3115 151.5634  -6.5057 220.6 21.30 0.20 20.83 0.21  -8.74  -9.02 0.21  5.56 0.23 25.84 0.32   208.8  40.5 True  False 0.65 gr   DECALS
dw1006m0827    NGC3115 151.6488  -8.4648 145.8 20.18 0.14 19.67 0.14  -9.87 -10.16 0.15  6.08 0.16 25.30 0.21   380.2  49.1 True  False 0.65 gr   DECALS
dw1042p2415    NGC3344 160.5916  24.2505 123.6 17.24 0.09 16.73 0.09 -12.72 -13.02 0.10  7.23 0.13 23.78 0.12   697.5  43.5 True  True  1.00 gr   DECALS
dw1042p2501    NGC3344 160.6815  25.0250  35.4 20.79 0.17 20.35 0.17  -9.17  -9.43 0.18  5.68 0.19 25.66 0.26   364.4  58.3 True  True  1.00 gr   DECALS
dw1045p2427    NGC3344 161.3793  24.4657 110.4 19.80 0.13 19.31 0.13 -10.16 -10.45 0.14  6.16 0.15 25.12 0.19   437.2  49.9 True  True  1.00 gr   DECALS
dw1038p2501    NGC3344 159.5427  25.0283 208.5 20.20 0.15 19.77 0.14  -9.76 -10.01 0.15  5.90 0.16 23.99 0.21   168.4  21.9 True  False 0.15 gr   DECALS
dw1044p2559    NGC3344 161.1198  25.9934 187.3 18.71 0.11 18.26 0.11 -11.25 -11.51 0.11  6.53 0.13 21.54 0.15   230.2  19.3 False False 0.15 gr   DECALS
dw1044p2610    NGC3344 161.1213  26.1782 218.5 20.38 0.15 19.73 0.14  -9.58  -9.96 0.16  6.23 0.17 25.04 0.23   422.1  58.4 True  False 0.75 gr   DECALS
dw1045p2606    NGC3344 161.2758  26.1048 211.7 20.12 0.14 19.63 0.14  -9.84 -10.13 0.15  6.03 0.16 23.79 0.21   205.9  26.1 True  False 0.20 gr   DECALS
dw1039p1238    NGC3379 159.9290  12.6348 369.8 16.51 0.09 16.01 0.09 -13.64 -13.93 0.09  7.56 0.13 21.22 0.11   610.0  34.6 False True  1.00 gr   DECALS
UGC5812        NGC3379 160.2355  12.4728 314.5 15.00 0.09 14.58 0.09 -15.15 -15.40 0.09  8.03 0.12 21.72 0.11  1458.0  73.6 False True  1.00 gr   DECALS
dw1042p1220    NGC3379 160.5015  12.3351 269.4 15.39 0.09 14.97 0.09 -14.75 -15.00 0.09  7.88 0.13 21.10 0.11  1063.1  54.9 False True  1.00 gr   DECALS
dw1042p1208    NGC3379 160.6431  12.1509 252.8 17.00 0.09 16.38 0.09 -13.15 -13.51 0.09  7.59 0.13 24.68 0.12  1247.9  75.1 True  True  1.00 gr   DECALS
dw1042p1359    NGC3379 160.6886  13.9905 349.9 20.81 0.17 20.28 0.17  -9.34  -9.65 0.18  5.90 0.19 24.77 0.26   276.5  44.5 True  True  1.00 gr   DECALS
dw1043p1410    NGC3379 160.7948  14.1799 365.7 19.81 0.13 19.45 0.13 -10.34 -10.55 0.14  6.01 0.15 24.77 0.19   321.1  36.8 True  True  1.00 gr   DECALS
dw1043p1415    NGC3379 160.9572  14.2554 361.6 19.77 0.13 19.16 0.12 -10.38 -10.73 0.14  6.47 0.15 24.36 0.19   402.9  45.6 True  True  1.00 gr   DECALS
M95            NGC3379 160.9904  11.7037 240.9                              -20.49      10.42                               False True  1.00
dw1044p1359    NGC3379 161.1075  13.9988 306.4 20.55 0.16 19.99 0.15  -9.60  -9.93 0.17  6.07 0.18 25.13 0.24   331.3  48.6 True  True  1.00 gr   DECALS
dw1044p1356    NGC3379 161.1471  13.9396 293.3 16.03 0.09 15.51 0.09 -14.12 -14.42 0.09  7.79 0.13 21.85 0.11   696.6  37.7 True  True  1.00 gr   DECALS
dw1044p1351    NGC3379 161.1588  13.8591 279.3 19.47 0.12 18.96 0.12 -10.68 -10.97 0.13  6.40 0.14 24.64 0.17   351.0  36.2 True  True  1.00 gr   DECALS
dw1044p1351b   NGC3379 161.1602  13.8557 278.6 19.76 0.13 19.29 0.13 -10.39 -10.66 0.13  6.21 0.15 25.21 0.19   384.1  43.3 True  True  1.00 gr   DECALS
dw1044p1154    NGC3379 161.2394  11.9162 180.5 17.37 0.09 17.08 0.10 -12.77 -12.95 0.10  6.86 0.13 22.57 0.12   565.8  36.0 False True  1.00 gr   DECALS
dw1046p1257    NGC3379 161.5590  12.9606 101.3 18.55 0.11 17.96 0.10 -11.60 -11.94 0.11  6.92 0.13 24.31 0.14   478.8  38.5 True  True  1.00 gr   DECALS
dw1046p1401    NGC3379 161.6027  14.0242 277.0 17.05 0.09 16.46 0.09 -13.10 -13.44 0.09  7.52 0.13 23.97 0.12   834.0  50.7 True  True  1.00 gr   DECALS
dw1046p1145    NGC3379 161.6260  11.7557 165.6 17.94 0.10 17.31 0.10 -12.21 -12.57 0.10  7.23 0.13 24.29 0.13   676.1  42.6 True  True  1.00 gr   DECALS
dw1046p1219    NGC3379 161.6722  12.3270  70.4 16.60 0.09 15.97 0.09 -13.54 -13.92 0.09  7.78 0.13 22.83 0.11   799.1  46.6 True  True  1.00 gr   DECALS
M96            NGC3379 161.6907  11.8199 150.3                              -20.96      10.59                               False True  1.00
dw1046p1244    NGC3379 161.7204  12.7421  52.4 17.86 0.10 17.45 0.10 -12.29 -12.53 0.10  6.88 0.13 25.10 0.13  1616.1 112.0 False True  1.00 gr   DECALS
dw1046p1247    NGC3379 161.7275  12.7886  56.9 18.40 0.10 17.77 0.10 -11.75 -12.12 0.11  7.05 0.13 23.86 0.14   504.6  39.2 True  True  1.00 gr   DECALS
dw1046p1259    NGC3379 161.7393  12.9984  87.3 17.09 0.09 16.48 0.09 -13.06 -13.42 0.09  7.53 0.13 24.51 0.12  1145.5  69.8 True  True  1.00 gr   DECALS
dw1047p1257    NGC3379 161.7525  12.9604  79.9 18.78 0.11 18.13 0.10 -11.37 -11.75 0.11  6.91 0.13 24.20 0.15   445.3  37.9 True  True  1.00 gr   DECALS
dw1047p1153    NGC3379 161.7749  11.8779 135.6 20.98 0.18 20.43 0.18  -9.16  -9.48 0.19  5.85 0.20 26.50 0.28   396.6  68.3 True  True  1.00 gr   DECALS
dw1047p1248    NGC3379 161.8051  12.8022  49.6 18.67 0.11 18.27 0.11 -11.48 -11.71 0.11  6.53 0.13 25.48 0.14   823.8  68.3 True  True  1.00 gr   DECALS
dw1047p1202    NGC3379 161.9190  12.0487  99.8 19.57 0.12 19.01 0.12 -10.58 -10.91 0.13  6.45 0.15 25.65 0.17   578.2  62.4 True  True  1.00 gr   DECALS
dw1047p1258    NGC3379 161.9255  12.9754  73.8 19.59 0.12 18.93 0.12 -10.56 -10.95 0.12  6.63 0.15 25.44 0.17   438.9  48.7 True  True  1.00 gr   DECALS
NGC3377        NGC3379 161.9264  13.9858 262.3                              -19.86      10.10                               True  True  1.00
dw1048p1158    NGC3379 162.0547  11.9684 115.9 19.35 0.12 18.76 0.11 -10.79 -11.14 0.12  6.61 0.14 24.66 0.17   497.7  49.1 True  True  1.00 gr   DECALS
NGC3384        NGC3379 162.0705  12.6292  22.6                              -20.30      10.41                               True  True  1.00
dw1048p1154    NGC3379 162.1039  11.9123 127.9 19.34 0.15 18.84 0.15 -10.80 -11.10 0.16  6.45 0.14 23.51 0.23  1284.0  51.4 True  True  1.00 gr   DECALS
dw1048p1303    NGC3379 162.1492  13.0598  95.9 19.43 0.12 19.05 0.12 -10.71 -10.94 0.12  6.20 0.14 25.94 0.16   579.2  60.1 True  True  1.00 gr   DECALS
dw1048p1259    NGC3379 162.2174  12.9954  90.7 19.86 0.13 19.26 0.13 -10.29 -10.64 0.14  6.41 0.15 26.69 0.19   694.1  80.6 True  True  1.00 gr   DECALS
dw1048p1407    NGC3379 162.2240  14.1245 292.3 15.29 0.09 14.66 0.09 -14.85 -15.23 0.09  8.29 0.13 20.86 0.11   674.2  34.8 True  True  1.00 gr   DECALS
dw1049p1247    NGC3379 162.2977  12.7925  73.6 19.50 0.12 19.11 0.12 -10.65 -10.87 0.13  6.17 0.15 24.52 0.17   436.9  45.5 True  True  1.00 gr   DECALS
dw1049p1233    NGC3379 162.3580  12.5525  73.4 19.09 0.11 18.47 0.11 -11.06 -11.42 0.12  6.75 0.14 25.21 0.16   586.1  55.0 True  True  1.00 gr   DECALS
UGC5944        NGC3379 162.5791  13.2719 171.6 14.94 0.09 14.33 0.09 -15.21 -15.56 0.09  8.39 0.12 21.71 0.11  1126.8  56.7 True  True  1.00 gr   DECALS
dw1050p1213    NGC3379 162.6004  12.2182 135.6 20.89 0.18 20.41 0.18  -9.25  -9.53 0.19  5.77 0.20 24.85 0.27   257.8  42.9 True  True  1.00 gr   DECALS
dw1050p1221    NGC3379 162.6132  12.3598 126.7 16.87 0.09 16.26 0.09 -13.28 -13.64 0.09  7.63 0.13 24.64 0.12  1509.8  88.0 True  True  1.00 gr   DECALS
dw1050p1236    NGC3379 162.6486  12.6093 126.2 20.20 0.15 19.75 0.14  -9.94 -10.21 0.15  6.02 0.16 24.59 0.21   552.3  72.0 True  True  1.00 gr   DECALS
NGC3412        NGC3379 162.7220  13.4121 208.5                              -19.68      10.05                               True  True  1.00
dw1051p1320    NGC3379 162.7563  13.3336 202.3 16.27 0.09 15.66 0.09 -13.87 -14.23 0.09  7.87 0.13 22.61 0.11   983.4  52.6 True  True  1.00 gr   DECALS
dw1051p1250    NGC3379 162.8378  12.8490 168.1 16.18 0.09 15.59 0.09 -13.97 -14.31 0.09  7.86 0.13 22.41 0.11   863.3  47.3 True  True  1.00 gr   DECALS
dw1051p1406    NGC3379 162.8807  14.1149 332.0 17.73 0.10 17.13 0.10 -12.42 -12.77 0.10  7.26 0.13 22.17 0.13   349.6  23.6 True  True  1.00 gr   DECALS
dw1052p1102    NGC3379 163.0812  11.0433 353.4 15.85 0.09 15.23 0.09 -14.29 -14.66 0.09  8.04 0.13 21.04 0.11   556.1  29.8 True  True  1.00 gr   DECALS
dw1040p1216    NGC3379 160.1211  12.2728 339.8 19.32 0.12 18.72 0.11 -10.83 -11.18 0.12  6.62 0.14 25.10 0.17   621.2  61.3 True  False 0.85 gr   DECALS
dw1043p1253    NGC3379 160.9016  12.8988 201.1 21.00 0.18 20.34 0.17  -9.15  -9.53 0.19  6.06 0.21 25.35 0.28   283.2  49.0 True  False 0.65 gr   DECALS
dw1043p1207    NGC3379 160.9792  12.1333 197.0 18.95 0.11 18.49 0.11 -11.19 -11.46 0.12  6.52 0.14 23.10 0.15   500.2  44.6 False False 0.25 gr   DECALS
dw1044p1132    NGC3379 161.0306  11.5344 258.6 18.45 0.10 18.06 0.10 -11.69 -11.92 0.11  6.60 0.13 22.40 0.14   389.4  30.6 False False 0.40 gr   DECALS
dw1045p1315    NGC3379 161.2789  13.2652 177.5 20.70 0.17 20.25 0.17  -9.45  -9.71 0.17  5.80 0.19 25.68 0.25   350.0  54.3 True  False 0.75 gr   DECALS
dw1045p1413    NGC3379 161.4842  14.2274 319.2 19.76 0.13 19.16 0.12 -10.39 -10.74 0.13  6.45 0.15 24.59 0.19   345.7  39.0 True  False 0.70 gr   DECALS
dw1045p1332    NGC3379 161.4925  13.5477 199.2 19.41 0.12 18.91 0.12 -10.74 -11.03 0.12  6.41 0.14 24.48 0.17   467.5  47.4 True  False 0.65 gr   DECALS
dw1046p1342    NGC3379 161.6272  13.7011 217.5 18.62 0.11 18.13 0.10 -11.52 -11.81 0.11  6.72 0.13 21.73 0.14   237.2  19.4 True  False 0.20 gr   DECALS
dw1046p1358    NGC3379 161.6816  13.9718 264.4 20.99 0.18 20.55 0.19  -9.15  -9.41 0.19  5.69 0.21 24.71 0.28   205.7  35.5 True  False 0.35 gr   DECALS
dw1046p1118    NGC3379 161.7075  11.3037 243.0 20.57 0.16 20.05 0.16  -9.58  -9.88 0.17  5.99 0.18 25.01 0.24   319.9  47.3 True  False 0.70 gr   DECALS
dw1047p1117    NGC3379 161.7845  11.2853 244.2 19.27 0.12 18.81 0.12 -10.88 -11.15 0.12  6.40 0.14 25.60 0.16   659.7  64.2 True  False 0.85 gr   DECALS
dw1047p1145    NGC3379 161.9490  11.7622 153.1 21.26 0.20 20.95 0.22  -8.88  -9.07 0.21  5.34 0.24 25.54 0.32   410.9  78.5 True  False 0.55 gr   DECALS
dw1048p1121    NGC3379 162.0960  11.3523 231.0 20.08 0.14 19.41 0.13 -10.07 -10.46 0.15  6.43 0.16 25.76 0.20   570.9  71.2 True  False 0.75 gr   DECALS
dw1049p1121    NGC3379 162.4042  11.3512 244.0 17.97 0.10 17.38 0.10 -12.17 -12.52 0.10  7.14 0.13 24.77 0.13   790.6  56.1 True  False 0.95 gr   DECALS
dw1049p1057    NGC3379 162.4172  10.9555 315.2 20.32 0.15 20.04 0.16  -9.82  -9.99 0.16  5.67 0.17 24.31 0.22   239.6  32.5 False False 0.15 gr   DECALS
dw1049p1146    NGC3379 162.4789  11.7802 177.5 18.80 0.11 18.21 0.11 -11.35 -11.69 0.11  6.81 0.13 24.61 0.15   585.2  50.1 True  False 0.90 gr   DECALS
dw1050p1352    NGC3379 162.5147  13.8890 264.4 19.26 0.12 18.75 0.11 -10.89 -11.18 0.12  6.48 0.14 26.27 0.16   876.1  84.9 True  False 0.85 gr   DECALS
dw1050p1353    NGC3379 162.5848  13.8961 270.8 18.78 0.11 18.23 0.11 -11.37 -11.69 0.11  6.74 0.14 26.65 0.15  1156.2  98.5 True  False 0.90 gr   DECALS
dw1051p1359    NGC3379 162.7459  13.9927 300.1 20.89 0.18 20.40 0.18  -9.25  -9.54 0.19  5.82 0.20 24.73 0.27   297.6  49.6 True  False 0.40 gr   DECALS
dw1051p1101    NGC3379 162.7661  11.0200 327.1 18.06 0.10 17.59 0.10 -12.08 -12.36 0.10  6.90 0.13 25.39 0.13  1310.5  94.6 True  False 0.95 gr   DECALS
dw1051p1310    NGC3379 162.9739  13.1694 215.3 20.25 0.15 19.76 0.14  -9.90 -10.19 0.15  6.05 0.17 24.20 0.22   218.2  28.9 True  False 0.20 gr   DECALS
dw1054p1217    NGC3379 163.7206  12.2967 326.2 18.18 0.10 17.74 0.10 -11.96 -12.23 0.10  6.81 0.13 22.78 0.13   377.0  27.9 False False 0.35 gr   DECALS
dw1104p0004    NGC3521 166.1606   0.0815  61.5 20.25 0.15 19.67 0.14 -10.00 -10.33 0.15  6.24 0.17 24.74 0.22   280.9  37.2 True  True  1.00 gr   DECALS
dw1104p0003    NGC3521 166.1676   0.0581  58.6 16.57 0.09 16.03 0.09 -13.67 -13.99 0.09  7.66 0.13 23.06 0.11   852.8  48.7 True  True  1.00 gr   DECALS
dw1104p0005    NGC3521 166.1711   0.0936  60.5 20.67 0.17 20.21 0.17  -9.57  -9.84 0.17  5.87 0.18 25.84 0.25   642.4  98.7 True  True  1.00 gr   DECALS
dw1105p0006    NGC3521 166.4217   0.1163  30.3 16.00 0.09 15.46 0.09 -14.24 -14.56 0.09  7.90 0.13 25.91 0.11  3413.8 184.1 False True  1.00 gr   DECALS
dw1106m0126    NGC3521 166.5313  -1.4476 276.5 17.45 0.09 16.90 0.10 -12.79 -13.11 0.10  7.31 0.13 23.94 0.12   773.1  49.8 True  True  1.00 gr   DECALS
dw1106m0052    NGC3521 166.6084  -0.8797 167.7 19.03 0.11 18.55 0.11 -11.21 -11.50 0.12  6.57 0.14 24.71 0.15   635.8  57.9 True  True  1.00 gr   DECALS
dw1107m0038    NGC3521 166.7760  -0.6338 132.9 21.14 0.19 20.57 0.19  -9.11  -9.44 0.20  5.88 0.23 25.94 0.30   343.5  62.6 True  True  1.00 gr   DECALS
dw110m0011     NGC3521 166.8051  -0.1869  75.0 17.62 0.10 17.11 0.10 -12.63 -12.92 0.10  7.19 0.13 24.72 0.12  1067.0  70.7 True  True  1.00 gr   DECALS
dw1109m0016    NGC3521 167.3283  -0.2771 177.6 18.84 0.11 18.23 0.11 -11.40 -11.76 0.11  6.87 0.14 25.39 0.15   901.4  78.0 True  True  1.00 gr   DECALS
dw1110p0037    NGC3521 167.6231   0.6169 262.0 16.89 0.09 16.28 0.09 -13.36 -13.71 0.09  7.64 0.13 22.64 0.12   795.6  47.1 True  True  1.00 gr   DECALS
dw1111p0049    NGC3521 167.8493   0.8315 321.5 18.83 0.11 18.33 0.11 -11.41 -11.71 0.11  6.70 0.14 25.88 0.15   843.0  72.8 True  True  1.00 gr   DECALS
dw1104p0033    NGC3521 166.2068   0.5506 124.3 21.41 0.21 20.96 0.22  -8.83  -9.10 0.22  5.58 0.24 24.91 0.34   338.2  68.4 True  False 0.25 gr   DECALS
dw1119p5543    NGC3556 169.9523  55.7224 195.3 16.18 0.09 15.81 0.09 -13.72 -13.94 0.09  7.37 0.13 21.21 0.11   433.2  23.7 False True  1.00 gr   DECALS
dw1104p5534    NGC3556 166.1661  55.5745 161.7 20.20 0.15 19.71 0.14  -9.70  -9.99 0.15  5.97 0.16 24.23 0.21   252.7  32.9 True  False 0.05 gr   DECALS
dw1108p5520    NGC3556 167.2484  55.3412  80.9 19.08 0.11 18.49 0.11 -10.82 -11.17 0.12  6.61 0.14 24.65 0.16   431.0  39.8 True  False 0.75 gr   DECALS
dw1109p5447    NGC3556 167.3050  54.7856 157.5 19.45 0.12 19.22 0.12 -10.45 -10.59 0.13  5.82 0.14 24.34 0.17   304.4  31.2 False False 0.50 gr   DECALS
dw1110p5429    NGC3556 167.6471  54.4973 197.1 20.48 0.16 20.06 0.16  -9.42  -9.67 0.16  5.74 0.18 24.86 0.23   234.1  33.6 False False 0.55 gr   DECALS
dw1111p5631    NGC3556 167.9472  56.5320 143.4 18.78 0.11 18.26 0.11 -11.12 -11.42 0.11  6.61 0.14 24.28 0.15   664.8  56.7 True  False 0.65 gr   DECALS
dw1111p5547    NGC3556 167.9859  55.7993  23.5 19.97 0.14 19.39 0.13  -9.93 -10.27 0.14  6.23 0.15 24.24 0.20   233.6  28.2 True  False 0.30 gr   DECALS
dw1113p5529    NGC3556 168.2805  55.4926  48.6 20.60 0.16 20.41 0.18  -9.30  -9.41 0.17  5.31 0.18 25.48 0.24   328.9  49.3 False False 0.65 gr   DECALS
dw1113p5541    NGC3556 168.2930  55.6886  39.4 20.13 0.14 19.63 0.14  -9.77 -10.06 0.15  6.02 0.16 25.23 0.21   428.3  54.4 True  False 0.65 gr   DECALS
dw1113p5644    NGC3556 168.3996  56.7355 183.7 20.21 0.15 19.94 0.15  -9.69  -9.85 0.15  5.58 0.17 24.57 0.21   227.6  29.8 False False 0.30 gr   DECALS
dw1116p5551    NGC3556 169.0317  55.8617 112.9 21.16 0.19 20.66 0.19  -8.74  -9.03 0.20  5.60 0.22 25.51 0.30   284.7  52.3 True  False 0.50 gr   DECALS
dw1116p5537    NGC3556 169.1718  55.6168 122.3 18.97 0.11 18.38 0.11 -10.93 -11.28 0.12  6.65 0.14 22.23 0.15   229.6  20.5 True  False 0.05 gr   DECALS
dw1122p5515    NGC3556 170.7418  55.2620 279.4 19.84 0.13 19.28 0.13 -10.06 -10.39 0.14  6.25 0.15 24.47 0.19   283.2  32.7 True  False 0.45 gr   DECALS
dw1123p5602    NGC3556 170.8320  56.0487 283.7 19.68 0.13 19.34 0.13 -10.22 -10.42 0.13  5.93 0.15 24.01 0.18   236.9  26.1 False False 0.35 gr   DECALS
NGC3593        NGC3627 168.6539  12.8178 253.6 11.17 0.08 10.26 0.09 -18.93 -19.47 0.09 10.43 0.13 16.07 0.11  2864.4 135.0 False True  1.00 gr   DECALS
dw1114p1238    NGC3627 168.6877  12.6477 253.6 17.18 0.09 16.83 0.10 -12.93 -13.13 0.10  7.01 0.13 21.78 0.12   367.0  22.6 False True  1.00 gr   DECALS
dw1117p1305    NGC3627 169.2544  13.0993 145.6 15.55 0.09 15.07 0.09 -14.56 -14.84 0.09  7.91 0.13 21.77 0.11   724.6  37.8 False True  1.00 gr   DECALS
dw1118p1233    NGC3627 169.6759  12.5614 104.8 17.07 0.09 16.48 0.09 -13.04 -13.38 0.09  7.48 0.13 22.50 0.12   521.0  31.8 True  True  1.00 gr   DECALS
dw1118p1348    NGC3627 169.7234  13.8054 160.9 18.86 0.11 18.39 0.11 -11.24 -11.52 0.11  6.57 0.14 25.58 0.15   654.2  56.9 True  True  1.00 gr   DECALS
NGC3623        NGC3627 169.7330  13.0924  61.6                              -20.90      10.69                               False True  1.00
dw1119p1419    NGC3627 169.8029  14.3272 249.1 16.39 0.09 15.90 0.09 -13.72 -14.00 0.09  7.59 0.13 23.79 0.11  1257.1  69.9 False True  1.00 gr   DECALS
dw1119p1157    NGC3627 169.8098  11.9524 195.7 16.22 0.09 15.95 0.09 -13.89 -14.04 0.09  7.26 0.13 22.58 0.11   937.5  51.6 False True  1.00 gr   DECALS
dw1119p1417    NGC3627 169.8161  14.2901 242.0 17.12 0.09 16.66 0.09 -12.98 -13.26 0.09  7.26 0.13 21.26 0.12   365.4  22.4 False True  1.00 gr   DECALS
dw1119p1404    NGC3627 169.8397  14.0755 202.6 16.50 0.09 15.91 0.09 -13.61 -13.95 0.09  7.72 0.13 23.21 0.11   953.1  53.5 True  True  1.00 gr   DECALS
dw1120p1332    NGC3627 170.0666  13.5488 102.1 17.91 0.10 17.40 0.10 -12.19 -12.49 0.10  7.02 0.13 23.78 0.13   667.0  46.7 True  True  1.00 gr   DECALS
NGC3628        NGC3627 170.0707  13.5897 109.6                              -20.70      10.64                               False True  1.00
dw1120p1337    NGC3627 170.2549  13.6072 117.9 14.46 0.09 13.74 0.09 -15.64 -16.06 0.09  8.77 0.13 24.69 0.11 13337.2 658.8 True  True  1.00 gr   DECALS    yes
dw1121p1326    NGC3627 170.4037  13.4471 103.3 19.43 0.12 18.80 0.11 -10.67 -11.05 0.13  6.63 0.14 24.94 0.17   502.2  51.2 True  True  1.00 gr   DECALS
dw1122p1258    NGC3627 170.6002  12.9795  96.1 16.53 0.09 16.03 0.09 -13.57 -13.87 0.09  7.56 0.13 21.55 0.11   421.1  27.3 True  True  1.00 gr   DECALS
IC2782         NGC3627 170.7307  13.4413 145.0 14.63 0.09 14.04 0.09 -15.48 -15.82 0.09  8.47 0.13 21.21 0.11   915.7  45.4 True  True  1.00 gr   DECALS
dw1123p1342    NGC3627 170.8060  13.7141 187.4 17.55 0.09 17.49 0.10 -12.55 -12.60 0.10  6.36 0.13 25.91 0.12  1557.2 102.0 False True  1.00 gr   DECALS
IC2787         NGC3627 170.8296  13.6298 180.0 14.95 0.09 14.45 0.09 -15.16 -15.45 0.09  8.18 0.13 20.14 0.11  1004.2  50.6 False True  1.00 gr   DECALS
IC2791         NGC3627 170.9066  12.8960 151.8 16.72 0.09 16.34 0.09 -13.38 -13.61 0.09  7.27 0.13 21.16 0.12   538.9  31.3 False True  1.00 gr   DECALS
dw1124p1240    NGC3627 171.1445  12.6743 201.9 18.23 0.10 17.77 0.10 -11.88 -12.14 0.10  6.79 0.13 25.93 0.13   957.7  71.6 False True  1.00 gr   DECALS
dw1114p1307    NGC3627 168.7127  13.1316 242.3 19.72 0.13 19.28 0.13 -10.39 -10.65 0.13  6.17 0.15 26.37 0.18   658.9  73.4 True  False 0.65 gr   DECALS
dw1116p1356    NGC3627 169.0325  13.9412 253.0 20.06 0.14 19.52 0.13 -10.04 -10.36 0.15  6.20 0.16 24.87 0.20   409.2  50.9 True  False 0.55 gr   DECALS
dw1116p1324    NGC3627 169.0973  13.4101 188.5 19.89 0.13 19.10 0.12 -10.22 -10.68 0.14  6.71 0.15 26.69 0.19  2175.7 255.6 True  False 0.55 gr   DECALS    yes
dw1117p1250    NGC3627 169.4349  12.8369 115.6 20.24 0.15 19.79 0.14  -9.87 -10.13 0.15  5.97 0.17 25.60 0.22   708.3  93.5 True  False 0.75 gr   DECALS
dw1118p1330    NGC3627 169.5661  13.5139 130.4 20.21 0.15 19.65 0.14  -9.89 -10.22 0.15  6.18 0.16 25.84 0.21   392.1  51.3 True  False 0.65 gr   DECALS
dw1119p1210    NGC3627 169.8996  12.1770 152.1 21.17 0.20 20.59 0.19  -8.93  -9.27 0.20  5.83 0.22 24.88 0.30   243.9  45.0 True  False 0.35 gr   DECALS
dw1120p1223    NGC3627 170.2214  12.3918 113.5 19.92 0.14 19.44 0.13 -10.18 -10.46 0.14  6.15 0.15 24.55 0.19   335.4  39.9 True  False 0.45 gr   DECALS
dw1121p1129    NGC3627 170.2651  11.4870 278.2 20.76 0.17 20.24 0.17  -9.34  -9.65 0.18  5.89 0.19 24.53 0.26   348.7  55.3 True  False 0.30 gr   DECALS
dw1121p1411    NGC3627 170.3720  14.1967 227.7 19.64 0.13 19.02 0.12 -10.47 -10.83 0.13  6.50 0.15 26.06 0.18   682.5  74.1 True  False 0.80 gr   DECALS
dw1123p1346    NGC3627 170.9852  13.7781 218.8 19.69 0.13 19.11 0.12 -10.41 -10.75 0.13  6.43 0.15 24.87 0.18   413.5  45.7 True  False 0.70 gr   DECALS
dw1125p1316    NGC3627 171.4794  13.2690 258.0 16.88 0.09 16.31 0.09 -13.23 -13.56 0.09  7.52 0.13 20.14 0.12   311.2  18.4 True  False 0.50 gr   DECALS
dw1126p1246    NGC3627 171.5894  12.7713 275.8 20.61 0.16 20.12 0.16  -9.49  -9.78 0.17  5.89 0.18 25.12 0.25   300.6  45.2 True  False 0.70 gr   DECALS
NGC4248        NGC4258 184.4591  47.4092  27.3 12.68 0.02 12.20 0.02 -16.60 -16.89 0.02  8.73 0.10 20.22 0.04  1877.2  17.1 False True  1.00 gr   CFHT
LVJ1218+4655   NGC4258 184.5465  46.9172  51.3 16.49 0.02 16.29 0.03 -12.80 -12.92 0.02  6.71 0.10 21.85 0.05   562.2  20.4 False True  1.00 gr   CFHT
dw1219p4743    NGC4258 184.7757  47.7302  53.7 18.16 0.16 17.78 0.17 -11.13 -11.35 0.16  6.36 0.13 24.43 0.10   484.4  44.2 True  True  1.00 gr   CFHT
UGC7356        NGC4258 184.7875  47.0899  27.2 15.28 0.09 14.77 0.10 -14.01 -14.31 0.10  7.73 0.12 23.08 0.16   887.9  60.2 True  True  1.00 gr   CFHT
dw1220p4729    NGC4258 185.1256  47.4906  40.4 20.41 0.35 20.15 0.27  -8.87  -9.03 0.35  5.25 0.17 26.90 0.25   429.9  68.2 True  True  1.00 gr   CFHT
dw1220p4649    NGC4258 185.2286  46.8302  72.8 18.90 0.13 18.43 0.10 -10.39 -10.66 0.14  6.23 0.14 25.21 0.08   422.2  23.6 True  True  1.00 gr   CFHT
dw1223p4739    NGC4258 185.9424  47.6589 111.5 18.12 0.09 17.69 0.08 -11.16 -11.42 0.09  6.46 0.13 24.88 0.07   555.8  80.9 True  True  1.00 gr   CFHT
dw1223p4644    NGC4258 185.9542  46.7495 125.2 20.55 0.16 20.09 0.16  -8.74  -9.01 0.17  5.54 0.18 24.46 0.24   118.6  17.4 True  False 0.15 gr   DECALS
dw1227p0136    NGC4517 186.9438   1.5998 282.2 15.72 0.09 15.63 0.09 -13.88 -13.94 0.09  6.96 0.13 23.52 0.11  1578.4  83.3 False True  1.00 gr   DECALS
dw1231p0140    NGC4517 187.7660   1.6758 235.5 15.53 0.09 15.18 0.09 -14.07 -14.28 0.09  7.48 0.13 21.88 0.11   496.4  25.8 False True  1.00 gr   DECALS
dw1232p0015    NGC4517 188.1505   0.2625  22.2 17.51 0.09 16.93 0.10 -12.09 -12.43 0.10  7.09 0.13 22.15 0.12   278.5  18.1 True  True  1.00 gr   DECALS
dw1236m0025    NGC4517 189.1755  -0.4305 164.0 18.68 0.11 18.46 0.11 -10.93 -11.06 0.11  5.98 0.13 23.77 0.14   400.9  33.3 False True  1.00 gr   DECALS
dw1238p0028    NGC4517 189.5586   0.4771 206.1 19.70 0.13 19.18 0.12  -9.91 -10.21 0.13  6.11 0.15 26.12 0.18   457.7  50.6 True  True  1.00 gr   DECALS
dw1238m0035    NGC4517 189.7051  -0.5978 243.8 19.20 0.12 18.74 0.11 -10.40 -10.67 0.12  6.21 0.14 23.71 0.16   244.0  23.3 True  True  1.00 gr   DECALS
dw1238m0105    NGC4517 189.7086  -1.0868 282.0 20.42 0.15 19.99 0.15  -9.18  -9.44 0.16  5.68 0.18 24.30 0.23   203.3  28.6 True  True  1.00 gr   DECALS
dw1239m0039    NGC4517 189.7608  -0.6644 255.3 16.88 0.09 16.57 0.09 -12.72 -12.91 0.09  6.88 0.13 24.23 0.12   832.2  49.3 False True  1.00 gr   DECALS
NGC4592        NGC4517 189.8273  -0.5318 256.3 12.04 0.08 11.66 0.09 -17.56 -17.79 0.09  8.94 0.13 20.05 0.11  2030.4  96.2 False True  1.00 gr   DECALS
dw1234p2531    NGC4565 188.6007  25.5221 132.7 16.72 0.03 16.18 0.02 -13.66 -13.97 0.03  7.64 0.12 23.33 0.03  1074.2  28.2 True  True  1.00 gr   CFHT
NGC4562        NGC4565 188.8948  25.8503  45.8 13.51 0.01 13.05 0.01 -16.86 -17.13 0.01  8.79 0.10 21.05 0.00  2004.3   8.0 False True  1.00 gr   CFHT
IC3571         NGC4565 189.0835  26.0843  20.1 16.58 0.01 16.42 0.01 -13.80 -13.89 0.01  7.03 0.10 22.42 0.02   506.5   5.1 False True  1.00 gr   CFHT
dw1237p2602    NGC4565 189.2549  26.0360  33.0 18.04 0.06 17.65 0.07 -12.33 -12.56 0.06  6.86 0.10 22.22 0.31   457.8  33.6 False True  1.00 gr   CFHT
dw1234p2618    NGC4565 188.7398  26.3141  93.7 20.25 0.06 19.93 0.05 -10.13 -10.32 0.06  5.85 0.11 24.11 0.12   262.3  10.0 False False 0.30 gr   CFHT
dw1235p2616    NGC4565 188.8430  26.2706  74.3 20.55 0.13 20.02 0.15  -9.83 -10.14 0.13  6.08 0.13 22.77 0.45   249.8  51.5 True  False 0.05 gr   CFHT
dw1236p2634    NGC4565 189.2441  26.5786 126.2 20.90 0.18 20.40 0.18  -9.48  -9.77 0.19  5.90 0.20 24.25 0.19   369.6   0.2 True  False 0.10 gr   CFHT
dw1237p2605    NGC4565 189.3618  26.0855  55.2 19.83 0.31 19.42 0.35 -10.55 -10.79 0.31  6.18 0.21 26.38 0.24   730.2 189.9 True  False 0.70 gr   CFHT
dw1237p2637    NGC4565 189.4283  26.6243 146.7 20.19 0.08 19.65 0.11 -10.19 -10.50 0.09  6.26 0.15 23.78 0.40   301.9  51.4 True  False 0.25 gr   CFHT
dw1237m1125    M104    189.2985 -11.4332 118.5 18.32 0.06 17.57 0.25 -11.58 -11.87 0.11  6.77 0.12 23.35 0.33   350.1  18.5 True  True  1.00 gi   CFHT
dw1239m1159    M104    189.7877 -11.9867  69.6 19.14 0.22 18.66 0.22 -10.76 -10.94 0.22  6.08 0.13 25.39 0.19   561.5 117.3 True  True  1.00 gi   CFHT
dw1239m1143    M104    189.8136 -11.7189  34.0 16.46 0.03 15.67 0.02 -13.44 -13.74 0.03  7.57 0.12 22.55 0.02   606.1  11.9 True  True  1.00 gi   CFHT
dw1239m1113    M104    189.8866 -11.2268  68.5 18.30 0.25 17.47 0.29 -11.60 -11.92 0.26  6.88 0.12 25.31 0.23   683.7 105.6 True  True  1.00 gi   CFHT
dw1239m1120    M104    189.9645 -11.3413  47.3 19.47 0.10 18.90 0.10 -10.43 -10.65 0.10  6.07 0.13 24.74 0.08   313.3  29.2 True  True  1.00 gi   CFHT
dw1239m1144    M104    189.9787 -11.7460  20.7 17.31 0.29 16.64 0.26 -12.59 -12.85 0.30  7.06 0.12 24.74 0.20  1042.8 208.2 True  True  1.00 gi   CFHT
dw1240m1118    M104    190.0392 -11.3139  52.0 15.95 0.03 15.13 0.03 -13.95 -14.26 0.03  7.80 0.12 22.09 0.08   660.5  16.9 True  True  1.00 gi   CFHT
dw1240m1140    M104    190.0733 -11.6793  15.5 18.34 0.38 17.47 0.40 -11.56 -11.89 0.38  6.92 0.12 24.54 0.22  1433.7  83.6 True  True  1.00 gi   CFHT      yes
dw1241m1131    M104    190.2617 -11.5288  45.9 19.81 0.18 19.16 0.22 -10.09 -10.34 0.18  6.03 0.13 24.56 0.21   344.3  43.1 True  True  1.00 gi   CFHT
dw1241m1153    M104    190.3002 -11.8916  66.6 18.33 0.19 17.61 0.17 -11.57 -11.85 0.19  6.71 0.12 25.46 0.10   719.0  86.1 True  True  1.00 gi   CFHT
dw1241m1155    M104    190.3281 -11.9254  73.8 17.50 0.11 16.72 0.13 -12.40 -12.70 0.11  7.13 0.12 24.83 0.11   756.3  54.6 True  True  1.00 gi   CFHT
dw1238m1122    M104    189.6402 -11.3681  72.2 17.58 0.10 16.75 0.09 -12.32 -12.65 0.10  7.17 0.12 23.42 0.10   651.7   0.1 False False 0.65 gi   CFHT      yes
dw1238m1102    M104    189.7429 -11.0360 106.3 20.78 0.25 20.26 0.27  -9.12  -9.33 0.26  5.49 0.25 25.52 0.29   228.3  25.6 True  False 0.65 gi   CFHT
dw1242m1116    M104    190.6825 -11.2739 126.1 17.94 0.22 17.37 0.15 -11.96 -12.19 0.22  6.67 0.17 24.45 0.16  1299.5 229.2 True  False 0.95 gi   CFHT
dw1242m1129    M104    190.7067 -11.4893 117.9 21.17 0.24 20.44 0.24  -8.73  -9.02 0.24  5.58 0.22 24.79 0.23   153.0  22.0 True  False 0.20 gi   CFHT
dw1236p3336    NGC4631 189.2059  33.6131 199.5 16.67 0.09 16.42 0.09 -12.68 -12.82 0.09  6.74 0.13 21.96 0.11   423.5  24.4 False True  1.00 gr   DECALS
dw1239p3230    NGC4631 189.7713  32.5046  83.1 18.27 0.10 17.95 0.10 -11.08 -11.26 0.10  6.23 0.13 23.07 0.10   802.1   0.1 False True  1.00 gr   CFHT
dw1239p3251    NGC4631 189.8317  32.8608  86.7 20.25 0.25 19.75 0.24  -9.09  -9.39 0.26  5.78 0.17 25.95 0.23   450.4  51.6 True  True  1.00 gr   CFHT
dw1240p3216    NGC4631 190.2209  32.2822  47.8 18.98 0.10 18.49 0.09 -10.36 -10.65 0.10  6.25 0.14 24.25 0.09   312.8  20.0 True  True  1.00 gr   CFHT
dw1240p3247    NGC4631 190.2437  32.7904  45.0 16.32 0.64 15.71 0.42 -13.03 -13.39 0.67  7.53 0.13 25.86 0.45  2258.5 684.5 True  True  1.00 gr   CFHT
dw1241p3251    NGC4631 190.4464  32.8577  41.9 15.71 0.05 15.57 0.07 -13.64 -13.72 0.05  6.92 0.11 22.27 0.04   651.8  33.3 False True  1.00 gr   CFHT
NGC4627        NGC4631 190.4987  32.5740   5.6 12.86 0.03 12.50 0.04 -16.49 -16.70 0.03  8.45 0.11 19.82 0.05   948.2  29.9 False True  1.00 gr   CFHT      yes
dw1242p3237    NGC4631 190.5255  32.6219  10.4 19.16 0.46 18.86 0.43 -10.19 -10.37 0.47  5.84 0.37 27.03 0.28   621.5 114.1 True  True  1.00 gr   CFHT
dw1242p3158    NGC4631 190.6308  31.9692  74.7 19.20 0.10 18.71 0.08 -10.14 -10.43 0.10  6.15 0.14 24.17 0.12   251.3  22.0 True  True  1.00 gr   CFHT
dw1243p3228    NGC4631 190.8534  32.4821  35.7 16.75 0.03 16.31 0.03 -12.60 -12.86 0.03  7.06 0.13 23.25 0.03   574.7  10.7 True  True  1.00 gr   CFHT
NGC4656        NGC4631 190.9905  32.1681  69.4                              -18.90       8.46                               False True  1.00
dw1248p3158    NGC4631 192.2187  31.9702 198.4 17.13 0.09 16.70 0.09 -12.21 -12.47 0.09  6.88 0.13 23.92 0.12   572.0  35.7 True  True  1.00 gr   DECALS
dw1247p3313    NGC4631 191.9083  33.2331 173.9 20.24 0.15 19.76 0.14  -9.11  -9.39 0.15  5.72 0.16 24.64 0.22   236.5  31.2 True  False 0.30 gr   DECALS
dw1231p4205    NGC4736 187.7873  42.0942 280.1 17.58 0.10 17.30 0.10 -10.53 -10.70 0.10  5.95 0.13 22.68 0.12   163.6  10.8 False True  1.00 gr   DECALS
IC3687         NGC4736 190.5626  38.5034 227.3 13.29 0.09 13.00 0.09 -14.83 -15.00 0.09  7.66 0.13 21.97 0.11  1097.3  52.7 False True  1.00 gr   DECALS
dw1243p4127    NGC4736 190.9798  41.4575  99.1 16.33 0.09 15.97 0.09 -11.79 -12.00 0.09  6.59 0.13 23.40 0.11   537.5  29.9 False True  1.00 gr   DECALS
dw1243p4339    NGC4736 190.9898  43.6618 208.7 16.96 0.09 16.58 0.09 -11.16 -11.38 0.09  6.36 0.13 23.23 0.12   292.9  17.5 False True  1.00 gr   DECALS
dw1249p4421    NGC4736 192.3797  44.3595 238.4 16.90 0.09 16.66 0.09 -11.21 -11.36 0.09  6.14 0.13 21.81 0.12   168.4  10.0 False True  1.00 gr   DECALS
dw1251p4138    NGC4736 192.7698  41.6353  37.9 18.45 0.11 17.97 0.10  -9.67  -9.95 0.11  5.95 0.13 24.63 0.14   439.5  30.7 True  True  1.00 gr   DECALS
dw1255p4035    NGC4736 193.7615  40.5902  69.6 18.79 0.11 18.09 0.10  -9.33  -9.73 0.11  6.19 0.14 26.22 0.15   519.8  43.9 True  True  1.00 gr   DECALS
dw1234p3952    NGC4736 188.5929  39.8785 247.7 18.46 0.10 17.88 0.10  -9.66 -10.00 0.11  6.13 0.13 24.05 0.14   208.5  16.4 True  False 0.15 gr   DECALS
dw1241p4103    NGC4736 190.2540  41.0530 136.5 18.86 0.11 18.34 0.11  -9.26  -9.56 0.11  5.87 0.14 22.63 0.15   148.8  12.9 True  False 0.00 gr   DECALS
dw1242p4115    NGC4736 190.5471  41.2525 120.4 18.25 0.10 17.68 0.10  -9.87 -10.20 0.10  6.18 0.13 24.81 0.13   258.9  19.4 True  False 0.60 gr   DECALS
dw1303p4222    NGC4736 195.8097  42.3733 192.4 17.88 0.10 17.51 0.10 -10.24 -10.45 0.10  5.97 0.13 22.93 0.13   246.7  17.1 False False 0.05 gr   DECALS
dw1305p4206    NGC4736 196.4990  42.1062 219.5 18.42 0.10 18.05 0.10  -9.70  -9.91 0.11  5.76 0.13 23.23 0.14   282.4  22.0 False False 0.05 gr   DECALS
dw1308p4054    NGC4736 197.1913  40.9010 248.0 17.94 0.10 17.34 0.10 -10.18 -10.53 0.10  6.35 0.13 23.91 0.13   327.2  23.0 True  False 0.40 gr   DECALS
dw1311p4051    NGC4736 197.9217  40.8630 288.8 18.18 0.10 17.94 0.10  -9.94 -10.08 0.10  5.61 0.13 23.40 0.13   148.2  11.0 False False 0.05 gr   DECALS
UGC7929        NGC4826 191.3366  21.4271 246.1 15.93 0.09 15.48 0.09 -12.69 -12.95 0.09  7.10 0.13 22.51 0.11   696.4  37.3 False True  1.00 gr   DECALS
IC3840         NGC4826 192.9417  21.7349 106.7 15.87 0.09 15.67 0.09 -12.75 -12.87 0.09  6.68 0.13 22.63 0.11   480.8  25.6 False True  1.00 gr   DECALS
dw1252p2215    NGC4826 193.0237  22.2654 113.1 19.86 0.13 19.33 0.13  -8.76  -9.07 0.14  5.68 0.15 25.61 0.19   233.7  27.1 True  True  1.00 gr   DECALS
dw1255p1912    NGC4826 193.9210  19.2096 230.0 16.00 0.09 15.93 0.09 -12.62 -12.66 0.09  6.41 0.13 24.45 0.11   884.7  47.7 False True  1.00 gr   DECALS
dw1258p2329    NGC4826 194.7139  23.4899 173.3 19.14 0.12 18.68 0.11  -9.48  -9.75 0.12  5.83 0.14 24.77 0.16   564.0  50.9 True  True  1.00 gr   DECALS
dw1300p1843    NGC4826 195.1295  18.7177 286.6 17.89 0.10 17.27 0.10 -10.73 -11.10 0.10  6.62 0.13 26.04 0.13   704.4  49.4 True  True  1.00 gr   DECALS
IC4107         NGC4826 195.6741  21.9979 131.4 16.26 0.09 15.74 0.09 -12.36 -12.66 0.09  7.10 0.13 23.42 0.11   456.5  25.2 True  True  1.00 gr   DECALS
dw1245p2309    NGC4826 191.2591  23.1657 285.4 19.74 0.13 19.11 0.12  -8.89  -9.25 0.13  5.90 0.15 23.46 0.18   156.1  17.5 True  False 0.10 gr   DECALS
dw1251p2324    NGC4826 192.8683  23.4009 194.7 19.12 0.12 18.72 0.11  -9.50  -9.73 0.12  5.74 0.14 23.86 0.16   132.5  12.4 False False 0.05 gr   DECALS
dw1310p4153    NGC5055 197.6743  41.8908 149.0 19.12 0.12 18.56 0.11 -10.62 -10.95 0.12  6.48 0.14 25.42 0.16   593.9  55.8 True  True  1.00 gr   DECALS
dw1312p4158    NGC5055 198.0772  41.9755 101.3 19.62 0.13 19.08 0.12 -10.12 -10.43 0.13  6.22 0.15 26.25 0.18   545.4  58.6 True  True  1.00 gr   DECALS
dw1312p4032    NGC5055 198.2159  40.5432 245.7 14.46 0.09 14.13 0.09 -15.28 -15.47 0.09  7.92 0.12 20.06 0.11   484.6  23.9 False True  1.00 gr   DECALS
UGCA337        NGC5055 198.2440  41.7864  90.1 15.25 0.09 14.64 0.09 -14.49 -14.85 0.09  8.09 0.13 22.67 0.11  1132.7  57.9 True  True  1.00 gr   DECALS
dw1313p4202    NGC5055 198.4161  42.0431  62.0 17.99 0.10 17.45 0.10 -11.75 -12.06 0.10  6.87 0.13 24.70 0.13   622.3  43.9 True  True  1.00 gr   DECALS
UGC8313        NGC5055 198.4754  42.2092  61.7 14.12 0.09 13.67 0.09 -15.62 -15.88 0.09  8.28 0.13 20.77 0.11  1340.0  65.5 False True  1.00 gr   DECALS
dw1315p4123    NGC5055 198.8158  41.3967  99.3 20.71 0.17 20.21 0.17  -9.02  -9.32 0.18  5.74 0.19 26.19 0.26   339.7  51.8 True  True  1.00 gr   DECALS
dw1315p4130    NGC5055 198.8742  41.5022  82.1 17.67 0.10 17.18 0.10 -12.07 -12.36 0.10  6.93 0.13 24.73 0.12   864.0  58.5 True  True  1.00 gr   DECALS
dw1321p4226    NGC5055 200.3708  42.4334 173.9 20.11 0.14 19.56 0.13  -9.63  -9.95 0.15  6.06 0.16 23.79 0.21   202.5  25.5 True  True  1.00 gr   DECALS
dw1305p4206-n2 NGC5055 196.4990  42.1062 282.6 18.42 0.10 18.05 0.10 -11.32 -11.54 0.11  6.41 0.13 23.23 0.14   596.5  46.5 False False 0.35 gr   DECALS
dw1308p4054-n2 NGC5055 197.1913  40.9010 269.1 17.95 0.10 17.35 0.10 -11.79 -12.14 0.10  7.00 0.13 23.92 0.13   682.4  48.1 True  False 0.65 gr   DECALS
dw1311p4051-n2 NGC5055 197.9217  40.8631 216.8 18.17 0.10 17.94 0.10 -11.57 -11.70 0.10  6.27 0.13 23.39 0.13   312.6  23.1 False False 0.35 gr   DECALS
dw1315p4304    NGC5055 198.7521  43.0849 165.1 18.97 0.11 18.10 0.10 -10.77 -11.28 0.12  7.08 0.14 26.73 0.15  1579.9 141.3 True  False 0.80 gr   DECALS
dw1323p4058    NGC5055 200.9350  40.9728 281.9 20.45 0.16 20.12 0.16  -9.29  -9.49 0.16  5.52 0.17 24.56 0.23   189.2  26.8 True  False 0.25 gr   DECALS
KK189          CENA    198.1875 -41.8319 168.0 16.85 0.09 16.17 0.09 -10.97 -11.36 0.09  6.82 0.13 23.44 0.12   281.6  16.6 True  True  1.00 gr   DECAM
ESO269-066     CENA    198.2875 -44.8900 185.4 13.81 0.09 13.15 0.09 -14.01 -14.39 0.09  8.00 0.13 22.55 0.11   749.0  36.3 True  True  1.00 gr   DECAM
NGC5011C       CENA    198.2958 -43.2656 144.0 13.66 0.09 13.13 0.09 -14.16 -14.49 0.09  7.83 0.13 21.12 0.10   450.7  21.7 True  True  1.00 gr   M15/17
KK196          CENA    200.4458 -45.0633 137.3 15.26 0.09 14.85 0.09 -12.56 -12.77 0.09  6.98 0.13 22.89 0.11   283.9  42.6 False True  1.00 gr   M15/17
KK197          CENA    200.5042 -42.5356  50.8 14.89 0.09 14.01 0.09 -12.93 -13.44 0.09  7.96 0.13 23.73 0.11   932.6  46.9 True  True  1.00 gr   DECAM
KKS55          CENA    200.5500 -42.7308  42.4 15.97 0.09 15.31 0.09 -11.84 -12.23 0.09  7.14 0.13 24.83 0.11   579.0  31.2 True  True  1.00 gr   DECAM
CENA-MM-DW4    CENA    200.7583 -41.7861  83.8 18.50 0.10 17.80 0.10  -9.32  -9.72 0.11  6.20 0.13 25.38 0.14   306.9  24.4 True  True  1.00 gr   DECAM
dw1323-40b     CENA    201.0000 -40.8367 140.6 18.52 0.11 17.92 0.10  -9.30  -9.65 0.11  6.01 0.13 25.54 0.14   432.2  34.5 True  True  1.00 gr   DECAM
dw1323-40      CENA    201.2421 -40.7622 144.4 18.20 0.10 17.55 0.10  -9.62 -10.00 0.10  6.23 0.13 25.32 0.13   277.8  20.6 True  True  1.00 gr   DECAM
CENA-MM-DW6    CENA    201.4875 -41.0942 123.1            18.52 0.11         -9.10 0.20  5.61 0.22 25.40 0.30   276.8  10.6 True  True  1.00 gr   CR19
CENA-MM-DW7    CENA    201.6167 -43.5567  36.3            17.72 0.10         -9.90 0.30  5.96 0.22 25.90 0.40   532.3  53.2 True  True  1.00 gr   CR19
ESO324-024     CENA    201.9042 -41.4806 101.6                              -15.50       8.05                               False True  1.00
KK203          CENA    201.8667 -45.3525 150.9                              -10.50       6.25                               False True  1.00
dw1329-45      CENA    202.3121 -45.1767 144.6 18.40 0.10 18.16 0.10  -9.42  -9.46 0.11  5.43 0.13 25.68 0.14   175.7  26.4 True  True  1.00 gr   M15/17
CENA-MM-DW1    CENA    202.5583 -41.8933  91.3 15.93 0.09 15.16 0.09 -11.89 -12.34 0.09  7.36 0.13 25.42 0.11   845.9  45.3 True  True  1.00 gr   DECAM
CENA-MM-DW3    CENA    202.5875 -42.1925  78.1            14.52 0.09        -13.10 0.09  7.34 0.22 26.00 0.40  2352.9 159.7 True  True  1.00 gr   CR19
CENA-MM-DW9    CENA    203.2542 -42.5300  94.0 18.59 0.11 18.35 0.11  -9.23  -9.37 0.11  5.34 0.13 26.36 0.14   385.0  31.2 True  True  1.00 gr   DECAM
CENA-MM-DW8    CENA    203.3917 -41.6078 131.6 17.42 0.09 16.75 0.10 -10.40 -10.79 0.10  6.58 0.13 26.18 0.12   615.3  39.4 True  True  1.00 gr   DECAM
dw1336-44      CENA    204.2033 -43.8578 142.2 18.70 0.11 18.08 0.10  -9.12  -9.54 0.10  5.97 0.13 25.29 0.14   143.2  21.5 True  True  1.00 gr   M15/17
NGC5237        CENA    204.4127 -42.8469 143.0                              -15.30       8.13                               False True  1.00
KKS57          CENA    205.4083 -42.5819 191.7 16.89 0.09 16.98 0.10 -10.93 -10.64 0.09  5.44 0.13 24.38 0.12   212.9  13.6 True  True  1.00 gr   M15/17
dw1341-43      CENA    205.4025 -43.8554 194.9 17.17 0.09 16.82 0.10 -10.65 -10.80 0.09  6.10 0.13 25.78 0.12   358.4  22.3 True  True  1.00 gr   M15/17
dw1328p4703    NGC5194 202.1030  47.0651  42.1 20.38 0.11 19.82 0.11  -9.28  -9.61 0.11  5.94 0.13 25.26 0.14   296.4  17.5 True  True  1.00 gr   CFHT
NGC5195        NGC5194 202.4983  47.2661  11.0                              -20.20      10.40                               False True  1.00
dw1330p4731    NGC5194 202.6411  47.5257  52.5 20.54 0.15 20.18 0.17  -9.13  -9.34 0.16  5.52 0.22 26.76 0.22   487.4  50.8 True  True  1.00 gr   CFHT
dw1335-29      NGC5236 203.9417 -29.7067  25.8 18.68 0.11 18.24 0.11  -9.68  -9.94 0.11  5.88 0.13 26.33 0.14   566.3  47.0 True  True  1.00 gr   DECAM
dw1340-30      NGC5236 205.0792 -30.3597  71.2 19.12 0.12 18.07 0.10  -9.24  -9.64 0.12  6.21 0.13 26.22 0.16   335.7  31.3 True  True  1.00 gi   DECAM
KK200          NGC5236 201.1500 -30.9717 237.8 15.62 0.09 15.25 0.09 -12.74 -12.95 0.09  6.98 0.13 22.50 0.11   371.7  19.5 False True  1.00 gr   DECAM
IC4247         NGC5236 201.6875 -30.3625 186.7 14.02 0.09 13.77 0.09 -14.34 -14.49 0.09  7.40 0.13 20.28 0.11   488.0  23.8 False True  1.00 gr   DECAM
ESO444-84      NGC5236 204.3333 -28.0442 149.6 14.71 0.09 14.50 0.09 -13.65 -13.77 0.09  7.05 0.13 22.72 0.11   542.4  27.0 False True  1.00 gr   DECAM
IC4316         NGC5236 205.0750 -28.8947  98.9 13.68 0.09 13.27 0.09 -14.68 -14.92 0.09  7.83 0.13 20.57 0.11   907.8  43.9 False True  1.00 gr   DECAM
ESO444-78      NGC5236 204.1292 -29.2342  52.6 15.10 0.09 14.74 0.09 -13.26 -13.48 0.09  7.18 0.13 22.39 0.11   606.0  30.8 False True  1.00 gr   DECAM
KK208          NGC5236 204.1500 -29.5708  25.3 15.15 0.09 14.60 0.09 -13.21 -13.53 0.09  7.50 0.13 26.21 0.11  4074.5 207.4 True  True  1.00 gr   DECAM     yes
NGC5264        NGC5236 205.4042 -29.9131  81.9 12.26 0.08 11.81 0.09 -16.10 -16.36 0.09  8.46 0.13 20.75 0.11  1051.0  49.9 False True  1.00 gr   DECAM
KK218          NGC5236 206.6667 -29.9781 171.8 17.87 0.10 17.12 0.10 -10.49 -10.93 0.10  6.76 0.13 24.49 0.13   328.1  22.8 True  True  1.00 gr   DECAM
HIJ1337-33     NGC5236 204.2542 -33.3631 287.2 17.39 0.09 17.31 0.10 -10.97 -11.02 0.10  5.76 0.13 21.84 0.12   119.4   7.6 False True  1.00 gr   DECAM
dw1350p5441    NGC5457 207.7431  54.6892 205.1 17.20 0.09 16.77 0.10 -11.87 -12.12 0.10  6.75 0.13 25.48 0.12   719.3  44.5 True  True  1.00 gr   DECALS
UGC8837        NGC5457 208.6892  53.9043 149.3 13.26 0.08 12.86 0.09 -15.80 -16.04 0.09  8.27 0.12 22.16 0.11  2467.0 118.4 False True  1.00 gr   DECALS
UGC8882        NGC5457 209.3112  54.1008 102.8 14.96 0.09 14.22 0.09 -14.10 -14.39 0.09  7.75 0.12 22.09 0.11   531.5  26.8 True  True  1.00 gi   CFHT
dw1403p5337    NGC5457 210.7728  53.6147  83.3 18.15 0.10 17.74 0.10 -10.91 -11.07 0.10  6.05 0.12 26.16 0.13   855.3  62.9 True  True  1.00 gi   CFHT
dw1403p5356    NGC5457 210.9373  53.9437  46.8 18.92 0.11 18.11 0.10 -10.15 -10.45 0.11  6.26 0.12 24.95 0.15   430.5  38.0 True  True  1.00 gi   CFHT
NGC5474        NGC5457 211.2561  53.6617  83.6 11.18 0.08 10.69 0.09 -17.88 -18.17 0.09  9.26 0.13 18.67 0.11  2930.2 138.1 False True  1.00 gr   DECALS
NGC5477        NGC5457 211.3863  54.4608  40.6 13.86 0.09 13.57 0.09 -15.21 -15.37 0.09  7.82 0.13 21.70 0.11   868.4  42.2 False True  1.00 gr   DECALS
dw1406p5344    NGC5457 211.7080  53.7413  91.6 19.36 0.12 18.58 0.11  -9.71 -10.00 0.12  6.05 0.13 25.12 0.17   282.2  28.1 True  True  1.00 gi   CFHT
dw1408p5419    NGC5457 212.1561  54.3254  89.6 19.37 0.12 18.93 0.12  -9.69  -9.86 0.12  5.60 0.13 25.54 0.17   317.2  31.8 True  True  1.00 gi   CFHT
dw1905m6316    NGC6744 286.4831 -63.2721 113.2 18.32 0.10 17.58 0.10 -11.44 -11.72 0.11  6.70 0.12 24.12 0.14   411.4  31.2 True  True  1.00 gi   DECAM
dw1906m6357    NGC6744 286.7415 -63.9636  50.9 16.43 0.09 15.68 0.09 -13.33 -13.61 0.09  7.46 0.12 23.13 0.11   755.1  42.2 True  True  1.00 gi   DECAM
dw1907m6342    NGC6744 286.8439 -63.7064  47.6 17.88 0.10 17.26 0.10 -11.88 -12.12 0.10  6.71 0.12 22.89 0.13   346.7  24.1 True  True  1.00 gi   DECAM
dw1908m6343    NGC6744 287.1830 -63.7301  26.7 14.55 0.09 14.21 0.09 -15.21 -15.34 0.09  7.68 0.12 22.48 0.11  1726.2  85.5 False True  1.00 gi   DECAM
dw1911m6413    NGC6744 287.8437 -64.2226  63.3 14.41 0.09 13.94 0.09 -15.35 -15.53 0.09  7.90 0.12 23.34 0.11  1556.4  76.7 False True  1.00 gi   DECAM
dw1859m6402    NGC6744 284.8605 -64.0396 179.4 19.67 0.13 19.01 0.12 -10.09 -10.34 0.13  6.05 0.13 24.67 0.18   285.4  31.3 True  False 0.45 gi   DECAM
dw1901m6315    NGC6744 285.3732 -63.2594 171.6 17.96 0.10 17.46 0.10 -11.80 -11.99 0.10  6.53 0.12 25.37 0.13   778.2  55.0 True  False 0.95 gi   DECAM
dw1903m6449    NGC6744 285.8430 -64.8277 186.2 19.44 0.12 18.70 0.11 -10.32 -10.60 0.13  6.24 0.13 24.04 0.17   308.9  31.6 True  False 0.45 gi   DECAM
dw1903m6405    NGC6744 285.9146 -64.0985 111.2 20.39 0.15 19.86 0.15  -9.37  -9.57 0.16  5.59 0.15 25.29 0.23   240.1  33.4 True  False 0.65 gi   DECAM
dw1909m6341    NGC6744 287.2847 -63.6853  29.0 17.90 0.10 17.43 0.10 -11.86 -12.04 0.10  6.52 0.12 23.64 0.13   358.7  25.0 True  False 0.50 gi   DECAM
dw1912m6432    NGC6744 288.0953 -64.5419 115.8 19.68 0.13 19.06 0.12 -10.08 -10.32 0.13  5.99 0.13 24.34 0.18   255.0  28.0 True  False 0.40 gi   DECAM
LMC            MW       80.8917 -69.7561  49.1                              -18.12 0.10  9.20 0.22                          False True  1.00      MCCONN
SMC            MW       13.1833 -72.8286  57.8                              -16.83 0.20  8.64 0.22                          False True  1.00      MCCONN
SGR            MW      283.8292 -30.5453  18.7                              -13.50 0.30  7.52 0.22 25.20 0.30  2616.7  91.8 True  True  1.00      MCCONN
FORNAX         MW       39.9958 -34.4492 141.4                              -13.46 0.14  7.50 0.22 23.59 0.16   788.0   8.6 True  True  1.00      MCCONN
LEO1           MW      152.1167  12.3064 272.7                              -11.78 0.28  6.78 0.22 22.61 0.30   243.4   2.2 True  True  1.00      MCCONN
SCULP          MW       15.0375 -33.7092  84.9                              -10.82 0.14  6.36 0.22 23.29 0.15   308.1   1.2 True  True  1.00      MCCONN
LEO2           MW      168.3667  22.1517 227.2                               -9.74 0.04  5.89 0.22 24.24 0.07   168.3   2.0 True  True  1.00      MCCONN
SEXTANS        MW      153.2625  -1.6147  89.0                               -9.27 0.50  5.69 0.22 27.10 0.50   694.7  30.0 True  True  1.00      MCCONN
UMI            MW      227.2833  67.2225  77.8                               -9.03 0.05  5.58 0.22 25.77 0.08   382.2   2.4 True  True  1.00      MCCONN
CARINA         MW      100.4000 -50.9661 105.7                               -9.43 0.05  5.76 0.22 25.35 0.07   349.8   3.7 True  True  1.00      MCCONN
